1000; 1; 0.000592;
2000; 1; 0.001156;
3000; 1; 0.001736;
4000; 1; 0.002369;
5000; 1; 0.002985;
6000; 1; 0.003222;
7000; 1; 0.003859;
8000; 1; 0.004613;
9000; 1; 0.005327;
1000; 101; 0.000759;
2000; 101; 0.001566;
3000; 101; 0.002268;
4000; 101; 0.003133;
5000; 101; 0.003991;
6000; 101; 0.004748;
7000; 101; 0.005639;
8000; 101; 0.006118;
9000; 101; 0.006861;
1000; 201; 0.000919;
2000; 201; 0.001798;
3000; 201; 0.002696;
4000; 201; 0.003535;
5000; 201; 0.004374;
6000; 201; 0.005340;
7000; 201; 0.006048;
8000; 201; 0.007011;
9000; 201; 0.008024;
1000; 301; 0.000901;
2000; 301; 0.001878;
3000; 301; 0.002626;
4000; 301; 0.003656;
5000; 301; 0.004372;
6000; 301; 0.005666;
7000; 301; 0.006603;
8000; 301; 0.007110;
9000; 301; 0.008311;
1000; 401; 0.001002;
2000; 401; 0.001882;
3000; 401; 0.002844;
4000; 401; 0.003979;
5000; 401; 0.004874;
6000; 401; 0.005785;
7000; 401; 0.006565;
8000; 401; 0.007505;
9000; 401; 0.008078;
1000; 501; 0.001024;
2000; 501; 0.001909;
3000; 501; 0.002851;
4000; 501; 0.004052;
5000; 501; 0.005043;
6000; 501; 0.005847;
7000; 501; 0.006629;
8000; 501; 0.008253;
9000; 501; 0.008954;
1000; 601; 0.001044;
2000; 601; 0.001880;
3000; 601; 0.003145;
4000; 601; 0.003972;
5000; 601; 0.005227;
6000; 601; 0.006245;
7000; 601; 0.007064;
8000; 601; 0.007809;
9000; 601; 0.009269;
1000; 701; 0.001158;
2000; 701; 0.002160;
3000; 701; 0.003024;
4000; 701; 0.004324;
5000; 701; 0.005025;
6000; 701; 0.006482;
7000; 701; 0.007064;
8000; 701; 0.008642;
9000; 701; 0.009158;
1000; 801; 0.001117;
2000; 801; 0.002190;
3000; 801; 0.003225;
4000; 801; 0.004357;
5000; 801; 0.005286;
6000; 801; 0.006499;
7000; 801; 0.007450;
8000; 801; 0.008813;
9000; 801; 0.009868;
1000; 901; 0.001121;
2000; 901; 0.002343;
3000; 901; 0.003515;
4000; 901; 0.004403;
5000; 901; 0.005708;
6000; 901; 0.006403;
7000; 901; 0.007779;
8000; 901; 0.009149;
9000; 901; 0.009485;
1000; 1001; 0.001218;
2000; 1001; 0.002378;
3000; 1001; 0.003238;
4000; 1001; 0.004678;
5000; 1001; 0.005552;
6000; 1001; 0.006600;
7000; 1001; 0.007845;
8000; 1001; 0.009409;
9000; 1001; 0.010362;
1000; 1101; 0.001223;
2000; 1101; 0.002377;
3000; 1101; 0.003685;
4000; 1101; 0.004842;
5000; 1101; 0.005953;
6000; 1101; 0.006883;
7000; 1101; 0.008115;
8000; 1101; 0.009264;
9000; 1101; 0.010668;
1000; 1201; 0.001230;
2000; 1201; 0.002434;
3000; 1201; 0.003659;
4000; 1201; 0.004883;
5000; 1201; 0.006119;
6000; 1201; 0.007354;
7000; 1201; 0.008569;
8000; 1201; 0.009372;
9000; 1201; 0.011188;
1000; 1301; 0.001277;
2000; 1301; 0.002548;
3000; 1301; 0.003627;
4000; 1301; 0.004956;
5000; 1301; 0.006276;
6000; 1301; 0.007525;
7000; 1301; 0.008197;
8000; 1301; 0.009977;
9000; 1301; 0.010926;
1000; 1401; 0.001339;
2000; 1401; 0.002680;
3000; 1401; 0.003754;
4000; 1401; 0.005168;
5000; 1401; 0.006083;
6000; 1401; 0.007820;
7000; 1401; 0.008607;
8000; 1401; 0.010258;
9000; 1401; 0.011237;
1000; 1501; 0.001303;
2000; 1501; 0.002714;
3000; 1501; 0.004083;
4000; 1501; 0.005445;
5000; 1501; 0.006605;
6000; 1501; 0.007674;
7000; 1501; 0.009437;
8000; 1501; 0.010739;
9000; 1501; 0.012026;
1000; 1601; 0.001406;
2000; 1601; 0.002855;
3000; 1601; 0.004193;
4000; 1601; 0.005516;
5000; 1601; 0.006871;
6000; 1601; 0.008274;
7000; 1601; 0.009816;
8000; 1601; 0.011195;
9000; 1601; 0.011961;
1000; 1701; 0.001418;
2000; 1701; 0.002790;
3000; 1701; 0.004328;
4000; 1701; 0.005710;
5000; 1701; 0.006926;
6000; 1701; 0.008081;
7000; 1701; 0.009952;
8000; 1701; 0.011537;
9000; 1701; 0.012748;
1000; 1801; 0.001455;
2000; 1801; 0.002841;
3000; 1801; 0.004406;
4000; 1801; 0.005788;
5000; 1801; 0.007240;
6000; 1801; 0.008816;
7000; 1801; 0.009859;
8000; 1801; 0.011652;
9000; 1801; 0.012834;
1000; 1901; 0.001488;
2000; 1901; 0.002820;
3000; 1901; 0.004477;
4000; 1901; 0.005827;
5000; 1901; 0.007193;
6000; 1901; 0.008575;
7000; 1901; 0.009882;
8000; 1901; 0.011463;
9000; 1901; 0.013188;
1000; 2001; 0.001576;
2000; 2001; 0.002999;
3000; 2001; 0.004457;
4000; 2001; 0.005967;
5000; 2001; 0.007524;
6000; 2001; 0.008950;
7000; 2001; 0.010815;
8000; 2001; 0.012167;
9000; 2001; 0.013547;
1000; 2101; 0.001576;
2000; 2101; 0.003210;
3000; 2101; 0.004756;
4000; 2101; 0.006217;
5000; 2101; 0.007808;
6000; 2101; 0.009621;
7000; 2101; 0.011209;
8000; 2101; 0.012669;
9000; 2101; 0.014438;
1000; 2201; 0.001586;
2000; 2201; 0.003232;
3000; 2201; 0.004699;
4000; 2201; 0.006412;
5000; 2201; 0.007828;
6000; 2201; 0.009394;
7000; 2201; 0.011363;
8000; 2201; 0.013069;
9000; 2201; 0.014555;
1000; 2301; 0.001671;
2000; 2301; 0.003246;
3000; 2301; 0.004818;
4000; 2301; 0.006552;
5000; 2301; 0.007872;
6000; 2301; 0.009686;
7000; 2301; 0.010868;
8000; 2301; 0.012892;
9000; 2301; 0.014314;
1000; 2401; 0.001651;
2000; 2401; 0.003235;
3000; 2401; 0.004756;
4000; 2401; 0.006573;
5000; 2401; 0.007679;
6000; 2401; 0.009691;
7000; 2401; 0.011455;
8000; 2401; 0.012871;
9000; 2401; 0.014084;
1000; 2501; 0.001641;
2000; 2501; 0.003407;
3000; 2501; 0.004977;
4000; 2501; 0.006764;
5000; 2501; 0.008289;
6000; 2501; 0.010213;
7000; 2501; 0.011299;
8000; 2501; 0.013307;
9000; 2501; 0.014560;
1000; 2601; 0.001768;
2000; 2601; 0.003457;
3000; 2601; 0.005156;
4000; 2601; 0.006990;
5000; 2601; 0.008332;
6000; 2601; 0.010203;
7000; 2601; 0.012116;
8000; 2601; 0.013570;
9000; 2601; 0.015274;
1000; 2701; 0.001779;
2000; 2701; 0.003442;
3000; 2701; 0.005209;
4000; 2701; 0.007032;
5000; 2701; 0.008785;
6000; 2701; 0.010389;
7000; 2701; 0.012034;
8000; 2701; 0.013933;
9000; 2701; 0.015424;
1000; 2801; 0.001817;
2000; 2801; 0.003536;
3000; 2801; 0.005319;
4000; 2801; 0.007365;
5000; 2801; 0.008686;
6000; 2801; 0.010832;
7000; 2801; 0.012324;
8000; 2801; 0.014414;
9000; 2801; 0.016163;
1000; 2901; 0.001872;
2000; 2901; 0.003668;
3000; 2901; 0.005545;
4000; 2901; 0.007194;
5000; 2901; 0.008816;
6000; 2901; 0.010733;
7000; 2901; 0.012107;
8000; 2901; 0.014195;
9000; 2901; 0.016147;
