min;max;size;buckets;mean_elements_in_bucket;threads;time_allocate_sync;time_deallocate;time_all;error;0;0;0;0;0;0;0;0;
0;32766;40000000;40000000;1;0.000819;1;0.000000;0.001452;16.061481;o;0.266452;0.258552;1.814342;4.837440;6.651783;4.431043;4.452142;16.060004;
0;32766;40000000;40000000;1;0.000819;2;0.000000;0.002928;11.849464;o;0.246652;0.132504;1.961260;3.172571;5.133832;3.275475;3.057987;11.846523;
0;32766;40000000;40000000;1;0.000819;3;0.000000;0.004592;8.904531;o;0.260671;0.092872;1.917889;2.437080;4.354971;2.115932;2.075284;8.899926;
0;32766;40000000;40000000;1;0.000819;4;0.000000;0.006315;7.261649;o;0.265320;0.072530;1.620246;2.075031;3.695279;1.641891;1.580129;7.255322;
0;32766;40000000;40000000;1;0.000819;5;0.000000;0.008011;6.154669;o;0.270228;0.058755;1.608109;1.720575;3.328685;1.239171;1.249565;6.146647;
0;32766;40000000;40000000;1;0.000819;6;0.000000;0.009734;5.518894;o;0.273831;0.049070;1.611370;1.545603;3.156974;1.004890;1.024155;5.509137;
0;32766;40000000;40000000;1;0.000819;7;0.000000;0.010623;4.942207;o;0.272636;0.042223;1.486244;1.211792;2.698036;1.063931;0.854522;4.931573;
0;32766;40000000;40000000;1;0.000819;8;0.000000;0.012920;4.539171;o;0.274959;0.036973;1.398359;1.141083;2.539443;0.898534;0.776069;4.526238;
0;32766;40000000;40000000;1;0.000819;9;0.000000;0.014223;4.217389;o;0.290724;0.032898;1.343003;1.070457;2.413461;0.671954;0.793852;4.203153;
0;32766;40000000;40000000;1;0.000819;10;0.000000;0.016473;3.811266;o;0.292341;0.029633;1.251880;1.000325;2.252206;0.622843;0.597402;3.794782;
0;32766;40000000;40000000;1;0.000819;11;0.000000;0.018737;3.646132;o;0.319461;0.027237;1.221058;0.958303;2.179383;0.554730;0.546241;3.627383;
0;32766;40000000;40000000;1;0.000819;12;0.000000;0.019250;3.531962;o;0.320890;0.025371;1.216655;0.924296;2.142435;0.516353;0.507323;3.512701;
0;32766;40000000;40000000;1;0.000819;1;0.000000;0.001417;16.093721;o;0.246297;0.258373;1.813328;4.852711;6.666040;4.472062;4.449487;16.092292;
0;32766;40000000;40000000;1;0.000819;2;0.000000;0.002934;11.872097;o;0.249050;0.132354;1.967546;3.183180;5.150727;3.268513;3.068423;11.869151;
0;32766;40000000;40000000;1;0.000819;3;0.000000;0.004639;8.843168;o;0.260385;0.093353;1.896340;2.413934;4.310275;2.117621;2.056705;8.838516;
0;32766;40000000;40000000;1;0.000819;4;0.000000;0.006092;7.211100;o;0.265151;0.072158;1.780723;1.988342;3.769066;1.580352;1.518116;7.204996;
0;32766;40000000;40000000;1;0.000819;5;0.000000;0.007914;6.190642;o;0.271156;0.058505;1.626050;1.755999;3.382051;1.225667;1.245087;6.182715;
0;32766;40000000;40000000;1;0.000819;6;0.000000;0.009607;5.352796;o;0.272536;0.048825;1.493833;1.543571;3.037406;1.004224;0.980000;5.343175;
0;32766;40000000;40000000;1;0.000819;7;0.000000;0.014350;4.847279;o;0.273605;0.042033;1.434484;1.178846;2.613332;1.040352;0.863345;4.832917;
0;32766;40000000;40000000;1;0.000819;8;0.000000;0.012929;4.586656;o;0.273751;0.037181;1.435062;1.132952;2.568016;0.933964;0.760523;4.573715;
0;32766;40000000;40000000;1;0.000819;9;0.000000;0.013817;4.238255;o;0.288944;0.032817;1.340601;1.068902;2.409503;0.682389;0.810352;4.224427;
0;32766;40000000;40000000;1;0.000819;10;0.000000;0.015571;3.799116;o;0.300766;0.029828;1.248037;0.994777;2.242815;0.606104;0.603671;3.783533;
0;32766;40000000;40000000;1;0.000819;11;0.000000;0.017822;3.607139;o;0.316847;0.027799;1.211468;0.935850;2.147319;0.553741;0.543266;3.589305;
0;32766;40000000;40000000;1;0.000819;12;0.000001;0.020046;3.524051;o;0.322082;0.025071;1.258534;0.882757;2.142784;0.514804;0.498942;3.503993;
0;32766;40000000;40000000;1;0.000819;1;0.000000;0.001501;16.053521;o;0.247791;0.259329;1.812223;4.833810;6.646033;4.415714;4.483107;16.052008;
0;32766;40000000;40000000;1;0.000819;2;0.000000;0.002958;12.238008;o;0.250384;0.133791;2.062791;3.459078;5.521870;3.318256;3.010650;12.235039;
0;32766;40000000;40000000;1;0.000819;3;0.000000;0.004344;9.055301;o;0.259339;0.093449;1.956000;2.430832;4.386833;2.187681;2.123503;9.050946;
0;32766;40000000;40000000;1;0.000819;4;0.000000;0.006367;7.363348;o;0.265796;0.071800;1.683398;2.076915;3.760315;1.648326;1.610558;7.356969;
0;32766;40000000;40000000;1;0.000819;5;0.000000;0.007575;6.148820;o;0.269287;0.058811;1.696908;1.675447;3.372356;1.189670;1.250848;6.141233;
0;32766;40000000;40000000;1;0.000819;6;0.000000;0.009627;5.438957;o;0.276075;0.049045;1.529925;1.563424;3.093350;1.026129;0.984390;5.429318;
0;32766;40000000;40000000;1;0.000819;7;0.000000;0.010960;4.875751;o;0.275056;0.041750;1.471120;1.189683;2.660804;1.038646;0.848370;4.864779;
0;32766;40000000;40000000;1;0.000819;8;0.000000;0.013361;4.533528;o;0.274413;0.036916;1.399471;1.134989;2.534461;0.914872;0.759286;4.520153;
0;32766;40000000;40000000;1;0.000819;9;0.000000;0.014418;4.181117;o;0.291140;0.033110;1.332090;1.054158;2.386249;0.680395;0.775544;4.166684;
0;32766;40000000;40000000;1;0.000819;10;0.000000;0.016011;3.930671;o;0.298595;0.029571;1.342148;1.035299;2.377448;0.610875;0.597844;3.914648;
0;32766;40000000;40000000;1;0.000819;11;0.000000;0.017329;3.647214;o;0.319037;0.027094;1.236450;0.929696;2.166174;0.566769;0.550497;3.629873;
0;32766;40000000;40000000;1;0.000819;12;0.000000;0.019345;3.495209;o;0.321864;0.025427;1.199082;0.905415;2.105973;0.521541;0.500710;3.475853;
0;32766;40000000;40000000;1;0.000819;1;0.000000;0.001412;16.050029;o;0.247000;0.259538;1.817228;4.841014;6.658242;4.435027;4.448766;16.048605;
0;32766;40000000;40000000;1;0.000819;2;0.000000;0.002959;11.980099;o;0.247470;0.131558;2.095826;3.132199;5.228027;3.328196;3.041755;11.977127;
0;32766;40000000;40000000;1;0.000819;3;0.000000;0.004831;8.978019;o;0.260940;0.093456;1.936619;2.398831;4.335451;2.190299;2.092823;8.973174;
0;32766;40000000;40000000;1;0.000819;4;0.000000;0.006239;7.362299;o;0.268889;0.072991;1.758992;2.024822;3.783815;1.594972;1.635160;7.356048;
0;32766;40000000;40000000;1;0.000819;5;0.000000;0.008190;6.309292;o;0.271563;0.058827;1.703360;1.746682;3.450043;1.259525;1.260919;6.301091;
0;32766;40000000;40000000;1;0.000819;6;0.000000;0.009509;5.450283;o;0.272916;0.048824;1.596163;1.535908;3.132073;1.005819;0.980875;5.440763;
0;32766;40000000;40000000;1;0.000819;7;0.000000;0.011430;4.877741;o;0.272894;0.042235;1.456004;1.184207;2.640212;1.048925;0.861787;4.866300;
0;32766;40000000;40000000;1;0.000819;8;0.000000;0.012955;4.532121;o;0.276514;0.037048;1.410359;1.123571;2.533931;0.891721;0.779605;4.519154;
0;32766;40000000;40000000;1;0.000819;9;0.000000;0.014113;4.232043;o;0.290315;0.032979;1.384402;1.064512;2.448915;0.673628;0.771783;4.217917;
0;32766;40000000;40000000;1;0.000819;10;0.000000;0.016141;3.857625;o;0.297745;0.030016;1.298120;0.996647;2.294768;0.621514;0.597145;3.841470;
0;32766;40000000;40000000;1;0.000819;11;0.000000;0.018014;3.649435;o;0.318729;0.026878;1.226117;0.953187;2.179305;0.556616;0.549586;3.631408;
0;32766;40000000;40000000;1;0.000819;12;0.000000;0.019726;3.476079;o;0.327766;0.025230;1.221886;0.868110;2.089997;0.513525;0.499554;3.456342;
0;32766;40000000;40000000;1;0.000819;1;0.000000;0.001464;16.070354;o;0.250941;0.258904;1.812660;4.878943;6.691604;4.425790;4.441604;16.068878;
0;32766;40000000;40000000;1;0.000819;2;0.000000;0.002732;11.927680;o;0.253548;0.132457;2.039091;3.156408;5.195500;3.264682;3.078661;11.924936;
0;32766;40000000;40000000;1;0.000819;3;0.000000;0.004610;8.872384;o;0.263672;0.093140;1.983509;2.392675;4.376185;2.110843;2.023750;8.867761;
0;32766;40000000;40000000;1;0.000819;4;0.000000;0.006284;7.292155;o;0.268297;0.072157;1.692852;2.030940;3.723792;1.647235;1.574160;7.285846;
0;32766;40000000;40000000;1;0.000819;5;0.000000;0.007908;6.085449;o;0.269287;0.058455;1.581818;1.743095;3.324914;1.183648;1.240979;6.077529;
0;32766;40000000;40000000;1;0.000819;6;0.000000;0.009490;5.535411;o;0.274438;0.049174;1.609319;1.575010;3.184330;1.009970;1.007831;5.525909;
0;32766;40000000;40000000;1;0.000819;7;0.000000;0.010879;4.976127;o;0.271998;0.042365;1.513251;1.218479;2.731731;1.067273;0.851614;4.965236;
0;32766;40000000;40000000;1;0.000819;8;0.000000;0.012529;4.502143;o;0.273954;0.036731;1.362219;1.127028;2.489249;0.908639;0.780720;4.489601;
0;32766;40000000;40000000;1;0.000819;9;0.000000;0.014050;4.303303;o;0.291005;0.033094;1.421638;1.061141;2.482780;0.687673;0.794433;4.289240;
0;32766;40000000;40000000;1;0.000819;10;0.000000;0.016323;3.787147;o;0.296035;0.029397;1.251772;0.987915;2.239688;0.609071;0.596317;3.770811;
0;32766;40000000;40000000;1;0.000819;11;0.000000;0.018151;3.639251;o;0.316743;0.027634;1.201910;0.959766;2.161677;0.568293;0.544971;3.621088;
0;32766;40000000;40000000;1;0.000819;12;0.000000;0.019576;3.864845;o;0.326506;0.024998;1.551154;0.918126;2.470754;0.521238;0.501484;3.845257;
