min;max;size;buckets;mean_elements_in_bucket;threads;time_allocate_sync;time_deallocate;time_all;error;
0;0;0;0;0;0;0;0;0;0;
0;2147483647;10000000;10000000;1;214.748365;1;0.000000;0.000486;3.335260;o;0.066932;0.073887;1.199087;0.793822;1.992910;0.655644;0.545360;3.334763;
0;2147483647;10000000;5000000;2;429.496729;1;0.000000;0.000408;3.552328;o;0.034463;0.075738;1.187218;0.631895;1.819114;0.992821;0.629739;3.551908;
0;2147483647;10000000;3333334;3;644.244965;1;0.000000;0.000262;3.840446;o;0.022402;0.074001;1.179360;0.664421;1.843781;1.217721;0.682240;3.840173;
0;2147483647;10000000;2500000;4;858.993459;1;0.000000;0.000332;4.022061;o;0.017703;0.073977;1.174135;0.687215;1.861351;1.325728;0.742919;4.021714;
0;2147483647;10000000;2000000;5;1073.741824;1;0.000000;0.000332;4.062553;o;0.014288;0.075636;1.171806;0.703304;1.875112;1.308535;0.788605;4.062207;
0;2147483647;10000000;1666667;6;1288.489931;1;0.000000;0.000339;4.150573;o;0.011959;0.075313;1.133039;0.733378;1.866419;1.344377;0.852112;4.150217;
0;2147483647;10000000;1428572;7;1503.237952;1;0.000000;0.000288;4.308359;o;0.010734;0.073171;1.135252;0.809349;1.944602;1.352759;0.926751;4.308056;
0;2147483647;10000000;1250000;8;1717.986918;1;0.000000;0.000195;4.448012;o;0.008746;0.073709;1.126450;0.917200;2.043652;1.398652;0.923004;4.447805;
0;2147483647;10000000;1111112;9;1932.733736;1;0.000000;0.000298;4.498762;o;0.008188;0.075608;1.095843;0.961367;2.057212;1.378497;0.978909;4.498448;
0;2147483647;10000000;1000000;10;2147.483647;1;0.000000;0.000214;4.578973;o;0.007430;0.075127;1.085884;1.012102;2.097987;1.379990;1.018174;4.578746;
0;2147483647;10000000;909091;11;2362.231775;1;0.000000;0.000221;4.655373;o;0.006492;0.076272;1.089612;1.052478;2.142091;1.394332;1.035913;4.655138;
0;2147483647;10000000;833334;12;2576.978315;1;0.000000;0.000296;4.722253;o;0.006335;0.074369;1.082709;1.085932;2.168643;1.411924;1.060641;4.721944;
0;2147483647;10000000;769231;13;2791.727904;1;0.000000;0.000215;4.693334;o;0.005881;0.073467;1.052103;1.097530;2.149634;1.397564;1.066521;4.693106;
0;2147483647;10000000;714286;14;3006.475903;1;0.000000;0.000291;4.758613;o;0.005307;0.074798;1.056525;1.116369;2.172895;1.415084;1.090182;4.758307;
0;2147483647;10000000;666667;15;3221.223860;1;0.000000;0.000257;4.795939;o;0.005205;0.075516;1.078983;1.124023;2.203007;1.415718;1.096177;4.795665;
0;2147483647;10000000;625000;16;3435.973835;1;0.000000;0.000201;4.795337;o;0.004913;0.075606;1.053449;1.140208;2.193658;1.421087;1.099824;4.795124;
0;2147483647;10000000;588236;17;3650.717819;1;0.000000;0.000300;4.744951;o;0.004539;0.076259;1.014506;1.134196;2.148704;1.416164;1.098939;4.744639;
0;2147483647;10000000;555556;18;3865.467472;1;0.000000;0.000121;4.779770;o;0.004278;0.075178;1.015450;1.146475;2.161926;1.436924;1.101291;4.779635;
0;2147483647;10000000;526316;19;4080.217297;1;0.000000;0.000246;4.803491;o;0.004472;0.073836;1.012717;1.148735;2.161453;1.454910;1.108526;4.803232;
0;2147483647;10000000;500000;20;4294.967294;1;0.000000;0.000176;4.808620;o;0.003431;0.074614;1.001824;1.160679;2.162504;1.457476;1.110371;4.808431;
0;2147483647;10000000;476191;21;4509.710698;1;0.000000;0.000337;4.784587;o;0.003876;0.074492;0.975539;1.151115;2.126654;1.456057;1.123121;4.784237;
0;2147483647;10000000;454546;22;4724.458354;1;0.000000;0.000278;4.806656;o;0.003509;0.075551;0.975285;1.160762;2.136048;1.475653;1.115566;4.806365;
0;2147483647;10000000;434783;23;4939.207943;1;0.000000;0.000246;4.808315;o;0.003239;0.075987;0.973626;1.159264;2.132892;1.472136;1.123768;4.808056;
0;2147483647;10000000;416667;24;5153.956630;1;0.000000;0.000268;4.806962;o;0.003443;0.075787;0.960777;1.165038;2.125817;1.489914;1.111682;4.806682;
0;2147483647;10000000;400000;25;5368.709117;1;0.000000;0.000244;4.786745;o;0.003722;0.075137;0.944514;1.165061;2.109576;1.483245;1.114776;4.786488;
0;2147483647;10000000;384616;26;5583.448549;1;0.000000;0.000190;4.810562;o;0.002989;0.075961;0.932306;1.174510;2.106818;1.507241;1.117318;4.810359;
0;2147483647;10000000;370371;27;5798.195990;1;0.000000;0.000345;4.844788;o;0.003085;0.074783;0.944181;1.177008;2.121191;1.525541;1.119794;4.844431;
0;2147483647;10000000;357143;28;6012.951806;1;0.000000;0.000304;4.839328;o;0.002940;0.074824;0.928357;1.181528;2.109886;1.529341;1.121985;4.839012;
0;2147483647;10000000;344828;29;6227.695103;1;0.000000;0.000323;4.819548;o;0.003149;0.075947;0.905231;1.178693;2.083925;1.530957;1.125193;4.819212;
0;2147483647;10000000;333334;30;6442.438056;1;0.000000;0.000136;4.831416;o;0.002639;0.076077;0.894837;1.185009;2.079848;1.548764;1.123904;4.831267;
0;2147483647;10000000;322581;31;6657.191983;1;0.000000;0.000294;4.865383;o;0.002911;0.076014;0.903659;1.188258;2.091918;1.560562;1.133634;4.865076;
0;2147483647;10000000;312500;32;6871.947670;1;0.000000;0.000249;4.860634;o;0.002573;0.076315;0.896483;1.186924;2.083408;1.565779;1.132258;4.860372;
0;2147483647;10000000;303031;33;7086.679736;1;0.000000;0.000240;4.826249;o;0.002304;0.074689;0.865083;1.186178;2.051263;1.573955;1.123751;4.825996;
0;2147483647;10000000;294118;34;7301.435638;1;0.000000;0.000118;4.846967;o;0.002564;0.075230;0.857857;1.186848;2.044707;1.591918;1.132381;4.846836;
0;2147483647;10000000;285715;35;7516.173974;1;0.000000;0.000104;4.841865;o;0.002260;0.074021;0.848575;1.186147;2.034724;1.602000;1.128709;4.841749;
0;2147483647;10000000;277778;36;7730.934944;1;0.000000;0.000230;4.862387;o;0.002469;0.075782;0.855480;1.187773;2.043254;1.611593;1.129006;4.862145;
0;2147483647;10000000;270271;37;7945.668041;1;0.000000;0.000254;4.874244;o;0.002917;0.075295;0.869488;1.180368;2.049858;1.620065;1.125804;4.873977;
0;2147483647;10000000;263158;38;8160.434594;1;0.000000;0.000210;4.838696;o;0.002538;0.075095;0.813274;1.143948;1.957223;1.669721;1.133861;4.838473;
0;2147483647;10000000;256411;39;8375.161935;1;0.000000;0.000186;4.859590;o;0.002070;0.075866;0.821311;1.165572;1.986884;1.661059;1.133476;4.859389;
0;2147483647;10000000;250000;40;8589.934588;1;0.000000;0.000189;4.869387;o;0.002076;0.076156;0.819197;1.173663;1.992861;1.668217;1.129835;4.869185;
0;2147483647;10000000;243903;41;8804.662702;1;0.000000;0.000196;4.871017;o;0.002249;0.075895;0.803436;1.112851;1.916288;1.737554;1.138782;4.870807;
0;2147483647;10000000;238096;42;9019.402455;1;0.000000;0.000194;4.867823;o;0.002073;0.075488;0.795461;1.110901;1.906363;1.750302;1.133349;4.867615;
0;2147483647;10000000;232559;43;9234.145516;1;0.000000;0.000177;4.856910;o;0.002165;0.075636;0.759230;1.121885;1.881117;1.760922;1.136844;4.856719;
0;2147483647;10000000;227273;44;9448.916708;1;0.000000;0.000199;4.891264;o;0.001731;0.075838;0.766120;1.119058;1.885178;1.795266;1.132994;4.891050;
0;2147483647;10000000;222223;45;9663.642589;1;0.000000;0.000162;4.867733;o;0.001837;0.075895;0.739968;1.115482;1.855452;1.800558;1.133783;4.867559;
0;2147483647;10000000;217392;46;9878.393165;1;0.000000;0.000297;4.913671;o;0.002112;0.075850;0.799455;1.111418;1.910874;1.798988;1.125500;4.913360;
0;2147483647;10000000;212766;47;10093.171122;1;0.000000;0.000174;4.872699;o;0.002170;0.075246;0.737374;1.112661;1.850037;1.816280;1.128745;4.872511;
0;2147483647;10000000;208334;48;10307.888520;1;0.000000;0.000314;4.915798;o;0.002279;0.073525;0.738849;1.120007;1.858857;1.842492;1.138276;4.915468;
0;2147483647;10000000;204082;49;10522.650930;1;0.000000;0.000163;4.938138;o;0.002057;0.075158;0.738557;1.126725;1.865284;1.859303;1.136117;4.937959;
0;2147483647;10000000;200000;50;10737.418235;1;0.000000;0.000294;4.930562;o;0.002134;0.074704;0.724148;1.123012;1.847160;1.866711;1.139509;4.930255;
0;2147483647;10000000;196079;51;10952.134839;1;0.000000;0.000164;4.928257;o;0.001967;0.075308;0.733488;1.122854;1.856344;1.864140;1.130285;4.928081;
0;2147483647;10000000;192308;52;11166.897097;1;0.000000;0.000277;4.955738;o;0.002189;0.076030;0.719253;1.116349;1.835603;1.899533;1.142053;4.955447;
0;2147483647;10000000;188680;53;11381.617803;1;0.000000;0.000280;5.044535;o;0.002089;0.075677;0.781935;1.120967;1.902903;1.921176;1.142362;5.044242;
0;2147483647;10000000;185186;54;11596.360670;1;0.000000;0.000278;4.932204;o;0.002197;0.075734;0.712231;1.119835;1.832067;1.897978;1.123901;4.931911;
0;2147483647;10000000;181819;55;11811.106909;1;0.000000;0.000144;4.928979;o;0.001824;0.075057;0.706966;1.110971;1.817938;1.907737;1.126228;4.928822;
0;2147483647;10000000;178572;56;12025.869940;1;0.000000;0.000261;4.955266;o;0.001796;0.076045;0.714570;1.108248;1.822820;1.914858;1.139440;4.954992;
0;2147483647;10000000;175439;57;12240.628634;1;0.000000;0.000124;4.936526;o;0.001740;0.075258;0.672500;1.112151;1.784652;1.942256;1.132446;4.936389;
0;2147483647;10000000;172414;58;12455.390206;1;0.000000;0.000119;4.955232;o;0.001537;0.075520;0.703100;1.111995;1.815097;1.937913;1.124999;4.955101;
0;2147483647;10000000;169492;59;12670.118041;1;0.000000;0.000219;4.981657;o;0.001504;0.076083;0.694870;1.109325;1.804197;1.972236;1.127365;4.981422;
0;2147483647;10000000;166667;60;12884.876112;1;0.000000;0.000250;4.964626;o;0.001684;0.075198;0.693486;1.110445;1.803933;1.962428;1.121079;4.964361;
0;2147483647;10000000;163935;61;13099.604398;1;0.000000;0.000244;5.009994;o;0.001704;0.075983;0.668763;1.116395;1.785159;2.006807;1.140052;5.009738;
0;2147483647;10000000;161291;62;13314.342691;1;0.000000;0.000103;4.997447;o;0.001553;0.075563;0.677251;1.110885;1.788138;2.003692;1.128348;4.997330;
0;2147483647;10000000;158731;63;13529.075272;1;0.000000;0.000270;5.050309;o;0.001968;0.075611;0.712116;1.109897;1.822014;2.023444;1.126952;5.050027;
0;2147483647;10000000;156250;64;13743.895341;1;0.000000;0.000199;4.994385;o;0.001303;0.076006;0.648755;1.117436;1.766192;2.029352;1.121275;4.994172;
0;2147483647;10000000;153847;65;13958.566933;1;0.000000;0.000279;5.076834;o;0.001976;0.073915;0.697209;1.106819;1.804029;2.061099;1.135483;5.076542;
0;2147483647;10000000;151516;66;14173.312700;1;0.000000;0.000234;5.050689;o;0.001845;0.075549;0.659959;1.111228;1.771188;2.072362;1.129461;5.050441;
0;2147483647;10000000;149254;67;14388.114536;1;0.000000;0.000225;5.070733;o;0.001502;0.073493;0.673633;1.112539;1.786173;2.085291;1.123999;5.070493;
0;2147483647;10000000;147059;68;14602.871276;1;0.000000;0.000213;5.045310;o;0.001636;0.075633;0.644600;1.110984;1.755585;2.083702;1.128490;5.045084;
0;2147483647;10000000;144928;69;14817.589748;1;0.000000;0.000084;5.044024;o;0.001376;0.073566;0.631131;1.108567;1.739700;2.111768;1.117482;5.043927;
0;2147483647;10000000;142858;70;15032.295335;1;0.000000;0.000197;5.059363;o;0.001330;0.076366;0.623831;1.114995;1.738827;2.113051;1.129542;5.059152;
0;2147483647;10000000;140846;71;15247.033263;1;0.000000;0.000191;5.070023;o;0.001008;0.074394;0.623362;1.111405;1.734772;2.133862;1.125750;5.069820;
0;2147483647;10000000;138889;72;15461.869889;1;0.000000;0.000230;5.124669;o;0.001754;0.074937;0.659685;1.112893;1.772580;2.147408;1.127708;5.124424;
0;2147483647;10000000;136987;73;15676.550673;1;0.000000;0.000197;5.090302;o;0.001351;0.073894;0.617498;1.111819;1.729319;2.159021;1.126468;5.090091;
0;2147483647;10000000;135136;74;15891.277284;1;0.000000;0.000190;5.099175;o;0.000945;0.075386;0.624905;1.105186;1.730092;2.172374;1.120135;5.098973;
0;2147483647;10000000;133334;75;16106.046822;1;0.000000;0.000253;5.169994;o;0.002037;0.074870;0.650306;1.109721;1.760028;2.200199;1.132561;5.169728;
0;2147483647;10000000;131579;76;16320.869189;1;0.000000;0.000202;5.175468;o;0.001521;0.075831;0.649769;1.110513;1.760284;2.211088;1.126488;5.175252;
0;2147483647;10000000;129871;77;16535.513294;1;0.000000;0.000174;5.126317;o;0.001070;0.075607;0.612358;1.101083;1.713443;2.207492;1.128481;5.126129;
0;2147483647;10000000;128206;78;16750.258545;1;0.000000;0.000174;5.142299;o;0.000981;0.076125;0.608424;1.106409;1.714834;2.232388;1.117750;5.142113;
0;2147483647;10000000;126583;79;16965.024111;1;0.000000;0.000193;5.134656;o;0.001363;0.075236;0.606928;1.107817;1.714747;2.219186;1.123883;5.134450;
0;2147483647;10000000;125000;80;17179.869176;1;0.000000;0.000210;5.276198;o;0.001517;0.075352;0.663076;1.111271;1.774348;2.289258;1.135459;5.275973;
0;2147483647;10000000;123457;81;17394.587970;1;0.000000;0.000183;5.233403;o;0.001432;0.076269;0.640939;1.111227;1.752167;2.274714;1.128593;5.233207;
0;2147483647;10000000;121952;82;17609.253206;1;0.000000;0.000183;5.256371;o;0.001363;0.074892;0.642384;1.110712;1.753097;2.298806;1.127980;5.256175;
0;2147483647;10000000;120482;83;17824.103576;1;0.000000;0.000165;5.245401;o;0.001431;0.075453;0.629301;1.110244;1.739546;2.301597;1.127160;5.245222;
0;2147483647;10000000;119048;84;18038.804911;1;0.000000;0.000176;5.279485;o;0.001342;0.075124;0.612222;1.109033;1.721256;2.345150;1.136391;5.279296;
0;2147483647;10000000;117648;85;18253.464972;1;0.000000;0.000176;5.321926;o;0.001353;0.075825;0.657259;1.110636;1.767896;2.350925;1.125706;5.321737;
0;2147483647;10000000;116280;86;18468.211619;1;0.000000;0.000173;5.302668;o;0.001307;0.074960;0.617120;1.115065;1.732186;2.358677;1.135317;5.302483;
0;2147483647;10000000;114943;87;18683.031128;1;0.000000;0.000144;5.318868;o;0.001319;0.076079;0.634148;1.107653;1.741802;2.376976;1.122503;5.318712;
0;2147483647;10000000;113637;88;18897.750266;1;0.000000;0.000164;5.329661;o;0.001270;0.074722;0.618084;1.115591;1.733676;2.392521;1.127263;5.329486;
0;2147483647;10000000;112360;89;19112.528008;1;0.000000;0.000177;5.384115;o;0.001305;0.076211;0.649029;1.110362;1.759392;2.419044;1.127928;5.383925;
0;2147483647;10000000;111112;90;19327.198205;1;0.000000;0.000179;5.359390;o;0.001396;0.076375;0.624638;1.113812;1.738451;2.416456;1.126480;5.359194;
0;2147483647;10000000;109891;91;19541.942898;1;0.000000;0.000157;5.370809;o;0.001267;0.076179;0.619328;1.111954;1.731284;2.437767;1.124110;5.370639;
0;2147483647;10000000;108696;92;19756.786331;1;0.000000;0.000157;5.383432;o;0.001255;0.076279;0.611805;1.117220;1.729027;2.452438;1.124228;5.383262;
0;2147483647;10000000;107527;93;19971.575948;1;0.000000;0.000161;5.383745;o;0.001250;0.076291;0.602989;1.108541;1.711531;2.464456;1.130010;5.383571;
0;2147483647;10000000;106383;94;20186.342245;1;0.000000;0.000152;5.443174;o;0.001275;0.076134;0.641592;1.113597;1.755190;2.495838;1.114539;5.443007;
0;2147483647;10000000;105264;95;20400.931439;1;0.000000;0.000156;5.400240;o;0.001209;0.076596;0.597664;1.110776;1.708441;2.490246;1.123550;5.400071;
0;2147483647;10000000;104167;96;20615.777041;1;0.000000;0.000140;5.463162;o;0.001189;0.076334;0.632667;1.109449;1.742117;2.532136;1.111200;5.463008;
0;2147483647;10000000;103093;97;20830.547632;1;0.000000;0.000155;5.438243;o;0.001215;0.076234;0.596677;1.105411;1.702089;2.534726;1.123779;5.438074;
0;2147483647;10000000;102041;98;21045.301859;1;0.000000;0.000157;5.512040;o;0.001178;0.076271;0.639025;1.109361;1.748388;2.569138;1.116866;5.511871;
0;2147483647;10000000;101011;99;21259.898892;1;0.000000;0.000158;5.474982;o;0.001164;0.076552;0.605452;1.104651;1.710105;2.565270;1.121692;5.474812;
0;2147483647;10000000;10000000;1;214.748365;1;0.000000;0.000599;3.287657;o;0.068350;0.075604;1.197431;0.769139;1.966572;0.642788;0.533692;3.287045;
0;2147483647;10000000;5000000;2;429.496729;1;0.000000;0.000391;3.548099;o;0.035014;0.075069;1.180262;0.635929;1.816193;0.994595;0.626793;3.547694;
0;2147483647;10000000;3333334;3;644.244965;1;0.000000;0.000256;3.779404;o;0.022137;0.074741;1.164852;0.659704;1.824558;1.184239;0.673424;3.779135;
0;2147483647;10000000;2500000;4;858.993459;1;0.000000;0.000291;3.953385;o;0.016929;0.076366;1.157066;0.683229;1.840297;1.285718;0.733734;3.953080;
0;2147483647;10000000;2000000;5;1073.741824;1;0.000000;0.000172;4.040384;o;0.013935;0.075558;1.147985;0.690544;1.838530;1.331063;0.781066;4.040191;
0;2147483647;10000000;1666667;6;1288.489931;1;0.000000;0.000227;4.167620;o;0.011704;0.075891;1.148189;0.729228;1.877419;1.351290;0.851043;4.167380;
0;2147483647;10000000;1428572;7;1503.237952;1;0.000000;0.000251;4.246733;o;0.010473;0.075536;1.124030;0.779792;1.903823;1.353909;0.902690;4.246468;
0;2147483647;10000000;1250000;8;1717.986918;1;0.000000;0.000203;4.364514;o;0.008873;0.073698;1.106226;0.830699;1.936926;1.369824;0.974946;4.364299;
0;2147483647;10000000;1111112;9;1932.733736;1;0.000000;0.000194;4.476527;o;0.008491;0.075014;1.090406;0.961335;2.051742;1.367222;0.973814;4.476318;
0;2147483647;10000000;1000000;10;2147.483647;1;0.000000;0.000221;4.594521;o;0.006904;0.075734;1.087102;1.024558;2.111661;1.382020;1.017930;4.594288;
0;2147483647;10000000;909091;11;2362.231775;1;0.000000;0.000279;4.628798;o;0.007138;0.075273;1.084223;1.042442;2.126667;1.384064;1.035325;4.628506;
0;2147483647;10000000;833334;12;2576.978315;1;0.000000;0.000183;4.681039;o;0.006253;0.075562;1.064820;1.077038;2.141859;1.394871;1.062258;4.680844;
0;2147483647;10000000;769231;13;2791.727904;1;0.000000;0.000364;4.694703;o;0.005934;0.076147;1.063943;1.093853;2.157796;1.387575;1.066840;4.694326;
0;2147483647;10000000;714286;14;3006.475903;1;0.000000;0.000144;4.688227;o;0.005028;0.075979;1.030435;1.109194;2.139630;1.388189;1.079212;4.688071;
0;2147483647;10000000;666667;15;3221.223860;1;0.000000;0.000227;4.743522;o;0.004855;0.075821;1.041768;1.120438;2.162208;1.411489;1.088872;4.743280;
0;2147483647;10000000;625000;16;3435.973835;1;0.000000;0.000214;4.751551;o;0.005242;0.075288;1.040309;1.130940;2.171251;1.411784;1.087725;4.751324;
0;2147483647;10000000;588236;17;3650.717819;1;0.000000;0.000281;4.754335;o;0.004400;0.076239;1.012041;1.131523;2.143565;1.430528;1.099276;4.754041;
0;2147483647;10000000;555556;18;3865.467472;1;0.000000;0.000116;4.764770;o;0.004175;0.075344;1.010476;1.144412;2.154889;1.432265;1.097933;4.764640;
0;2147483647;10000000;526316;19;4080.217297;1;0.000000;0.000223;4.753589;o;0.003878;0.075805;0.989164;1.142478;2.131644;1.435802;1.106189;4.753354;
0;2147483647;10000000;500000;20;4294.967294;1;0.000000;0.000228;4.789659;o;0.004167;0.075442;0.995099;1.150163;2.145263;1.455152;1.109359;4.789418;
0;2147483647;10000000;476191;21;4509.710698;1;0.000000;0.000291;4.781840;o;0.003504;0.074204;0.985286;1.152940;2.138229;1.458009;1.107558;4.781537;
0;2147483647;10000000;454546;22;4724.458354;1;0.000000;0.000290;4.850524;o;0.003909;0.076126;1.031666;1.154257;2.185925;1.472138;1.112087;4.850220;
0;2147483647;10000000;434783;23;4939.207943;1;0.000000;0.000257;4.798574;o;0.003452;0.074226;0.956155;1.167210;2.123366;1.486442;1.110783;4.798304;
0;2147483647;10000000;416667;24;5153.956630;1;0.000000;0.000228;4.755771;o;0.002992;0.075942;0.935573;1.086126;2.021701;1.486618;1.168245;4.755531;
0;2147483647;10000000;400000;25;5368.709117;1;0.000000;0.000218;4.797260;o;0.003105;0.075837;0.936116;1.162863;2.098980;1.499110;1.119962;4.797028;
0;2147483647;10000000;384616;26;5583.448549;1;0.000000;0.000225;4.800823;o;0.003363;0.075485;0.939025;1.171510;2.110537;1.497237;1.113928;4.800584;
0;2147483647;10000000;370371;27;5798.195990;1;0.000000;0.000187;4.801048;o;0.003236;0.075399;0.915329;1.165779;2.081109;1.517488;1.123575;4.800845;
0;2147483647;10000000;357143;28;6012.951806;1;0.000000;0.000169;4.809857;o;0.002496;0.075817;0.898254;1.181055;2.079310;1.534834;1.117177;4.809673;
0;2147483647;10000000;344828;29;6227.695103;1;0.000000;0.000163;4.775596;o;0.002802;0.075733;0.883742;1.172889;2.056633;1.518848;1.121371;4.775420;
0;2147483647;10000000;333334;30;6442.438056;1;0.000000;0.000175;4.841316;o;0.003163;0.075177;0.900007;1.190204;2.090212;1.545359;1.127172;4.841124;
0;2147483647;10000000;322581;31;6657.191983;1;0.000000;0.000274;4.820543;o;0.002933;0.075570;0.895851;1.184577;2.080429;1.545444;1.115843;4.820255;
0;2147483647;10000000;312500;32;6871.947670;1;0.000000;0.000258;4.791307;o;0.002641;0.074201;0.857730;1.106946;1.964677;1.554284;1.195199;4.791035;
0;2147483647;10000000;303031;33;7086.679736;1;0.000000;0.000269;4.813730;o;0.002705;0.074198;0.871152;1.182652;2.053806;1.562288;1.120416;4.813448;
0;2147483647;10000000;294118;34;7301.435638;1;0.000000;0.000096;4.744817;o;0.002337;0.073080;0.810835;1.106344;1.917181;1.632489;1.119588;4.744708;
0;2147483647;10000000;285715;35;7516.173974;1;0.000000;0.000201;4.808543;o;0.002074;0.073844;0.845241;1.176852;2.022095;1.586422;1.123843;4.808322;
0;2147483647;10000000;277778;36;7730.934944;1;0.000000;0.000208;4.854713;o;0.002166;0.073806;0.827904;1.190882;2.018787;1.625921;1.133779;4.854492;
0;2147483647;10000000;270271;37;7945.668041;1;0.000000;0.000219;4.846048;o;0.002529;0.076049;0.830438;1.173704;2.004144;1.629645;1.133409;4.845815;
0;2147483647;10000000;263158;38;8160.434594;1;0.000000;0.000229;4.837469;o;0.002322;0.075199;0.828077;1.170554;1.998633;1.636440;1.124584;4.837222;
0;2147483647;10000000;256411;39;8375.161935;1;0.000000;0.000237;4.827005;o;0.002656;0.075179;0.806616;1.109956;1.916574;1.709057;1.123250;4.826755;
0;2147483647;10000000;250000;40;8589.934588;1;0.000000;0.000201;4.856319;o;0.002235;0.075714;0.812555;1.113589;1.926146;1.648993;1.202982;4.856106;
0;2147483647;10000000;243903;41;8804.662702;1;0.000000;0.000169;4.843168;o;0.001729;0.076067;0.790008;1.116999;1.907009;1.732779;1.125365;4.842986;
0;2147483647;10000000;238096;42;9019.402455;1;0.000000;0.000187;4.835052;o;0.002073;0.075557;0.779990;1.107173;1.887164;1.738853;1.131163;4.834845;
0;2147483647;10000000;232559;43;9234.145516;1;0.000000;0.000342;4.892520;o;0.002162;0.074980;0.809992;1.119920;1.929913;1.764109;1.120955;4.892162;
0;2147483647;10000000;227273;44;9448.916708;1;0.000000;0.000180;4.822717;o;0.001988;0.075547;0.755275;1.106830;1.862108;1.759425;1.123422;4.822524;
0;2147483647;10000000;222223;45;9663.642589;1;0.000000;0.000174;4.882186;o;0.002049;0.075267;0.774855;1.112400;1.887256;1.790575;1.126810;4.881997;
0;2147483647;10000000;217392;46;9878.393165;1;0.000000;0.000186;4.888371;o;0.002451;0.074744;0.777816;1.113195;1.891013;1.801879;1.118037;4.888168;
0;2147483647;10000000;212766;47;10093.171122;1;0.000000;0.000163;4.866581;o;0.002060;0.075456;0.746990;1.107610;1.854602;1.727185;1.207066;4.866406;
0;2147483647;10000000;208334;48;10307.888520;1;0.000000;0.000276;4.899446;o;0.001731;0.075448;0.758881;1.111092;1.869974;1.831724;1.120249;4.899158;
0;2147483647;10000000;204082;49;10522.650930;1;0.000000;0.000135;4.856712;o;0.001525;0.074337;0.717159;1.110361;1.827521;1.828414;1.124735;4.856565;
0;2147483647;10000000;200000;50;10737.418235;1;0.000000;0.000286;4.955667;o;0.001859;0.076370;0.792596;1.111911;1.904508;1.843632;1.128966;4.955369;
0;2147483647;10000000;196079;51;10952.134839;1;0.000000;0.000299;4.949711;o;0.002268;0.074927;0.782039;1.112275;1.894315;1.852889;1.124959;4.949397;
0;2147483647;10000000;192308;52;11166.897097;1;0.000000;0.000124;4.903484;o;0.001578;0.075709;0.710817;1.107182;1.818000;1.873839;1.134181;4.903346;
0;2147483647;10000000;188680;53;11381.617803;1;0.000000;0.000140;4.910510;o;0.001926;0.074839;0.711882;1.112925;1.824809;1.885607;1.123140;4.910357;
0;2147483647;10000000;185186;54;11596.360670;1;0.000000;0.000134;4.920639;o;0.001789;0.075584;0.728863;1.105570;1.834434;1.887359;1.121287;4.920488;
0;2147483647;10000000;181819;55;11811.106909;1;0.000000;0.000134;4.950891;o;0.001827;0.075324;0.720904;1.111109;1.832014;1.916235;1.125308;4.950744;
0;2147483647;10000000;178572;56;12025.869940;1;0.000000;0.000117;4.936403;o;0.001717;0.075113;0.700150;1.114237;1.814388;1.924501;1.120520;4.936273;
0;2147483647;10000000;175439;57;12240.628634;1;0.000000;0.000105;4.932070;o;0.001496;0.075153;0.693239;1.102435;1.795676;1.932844;1.126749;4.931952;
0;2147483647;10000000;172414;58;12455.390206;1;0.000000;0.000272;4.998746;o;0.002103;0.074343;0.732934;1.116259;1.849194;1.950608;1.122177;4.998459;
0;2147483647;10000000;169492;59;12670.118041;1;0.000000;0.000113;4.908690;o;0.001627;0.075470;0.659037;1.102866;1.761905;1.947664;1.121862;4.908564;
0;2147483647;10000000;166667;60;12884.876112;1;0.000000;0.000241;4.996068;o;0.001621;0.075868;0.690656;1.112110;1.802768;1.986518;1.129004;4.995814;
0;2147483647;10000000;163935;61;13099.604398;1;0.000000;0.000123;4.971465;o;0.001566;0.075466;0.672065;1.119185;1.791251;1.978760;1.124240;4.971328;
0;2147483647;10000000;161291;62;13314.342691;1;0.000000;0.000089;4.986422;o;0.001545;0.075191;0.663425;1.106120;1.769546;1.932261;1.207735;4.986316;
0;2147483647;10000000;158731;63;13529.075272;1;0.000000;0.000223;4.996282;o;0.001478;0.075924;0.680287;1.110066;1.790354;2.006435;1.121821;4.996046;
0;2147483647;10000000;156250;64;13743.895341;1;0.000000;0.000231;5.011572;o;0.001671;0.075584;0.660649;1.114067;1.774718;2.029378;1.129940;5.011327;
0;2147483647;10000000;153847;65;13958.566933;1;0.000000;0.000091;4.992448;o;0.001448;0.075284;0.643500;1.108726;1.752227;2.040799;1.122547;4.992343;
0;2147483647;10000000;151516;66;14173.312700;1;0.000000;0.000197;5.007358;o;0.001178;0.075600;0.649070;1.107987;1.757059;1.979218;1.194051;5.007147;
0;2147483647;10000000;149254;67;14388.114536;1;0.000000;0.000220;5.069859;o;0.001395;0.075723;0.681429;1.114198;1.795628;2.071643;1.125191;5.069622;
0;2147483647;10000000;147059;68;14602.871276;1;0.000000;0.000210;5.073216;o;0.001484;0.075471;0.668927;1.114691;1.783618;2.087761;1.124625;5.072993;
0;2147483647;10000000;144928;69;14817.589748;1;0.000000;0.000201;5.028798;o;0.001061;0.075573;0.633294;1.103704;1.736999;2.088772;1.126143;5.028583;
0;2147483647;10000000;142858;70;15032.295335;1;0.000000;0.000242;5.141075;o;0.002107;0.075468;0.708809;1.109874;1.818685;2.113142;1.131376;5.140819;
0;2147483647;10000000;140846;71;15247.033263;1;0.000000;0.000227;5.082364;o;0.001620;0.075700;0.652545;1.109894;1.762441;2.119912;1.122407;5.082119;
0;2147483647;10000000;138889;72;15461.869889;1;0.000000;0.000195;5.104647;o;0.001385;0.075847;0.643231;1.109384;1.752615;2.148899;1.125659;5.104440;
0;2147483647;10000000;136987;73;15676.550673;1;0.000000;0.000260;5.138875;o;0.001949;0.074923;0.688052;1.105370;1.793423;2.147267;1.121000;5.138599;
0;2147483647;10000000;135136;74;15891.277284;1;0.000000;0.000204;5.109654;o;0.001396;0.075772;0.626181;1.104431;1.730613;2.177473;1.124148;5.109437;
0;2147483647;10000000;133334;75;16106.046822;1;0.000000;0.000214;5.107670;o;0.000936;0.075465;0.615508;1.107786;1.723295;2.181567;1.126141;5.107443;
0;2147483647;10000000;131579;76;16320.869189;1;0.000000;0.000217;5.133054;o;0.001631;0.075475;0.629931;1.105589;1.735522;2.196883;1.123278;5.132823;
0;2147483647;10000000;129871;77;16535.513294;1;0.000000;0.000195;5.151130;o;0.001362;0.075404;0.623759;1.116808;1.740568;2.209892;1.123657;5.150921;
0;2147483647;10000000;128206;78;16750.258545;1;0.000000;0.000234;5.136721;o;0.001329;0.075740;0.605711;1.106960;1.712672;2.220798;1.125897;5.136474;
0;2147483647;10000000;126583;79;16965.024111;1;0.000000;0.000198;5.157930;o;0.001290;0.076022;0.617070;1.105087;1.722159;2.231132;1.127081;5.157720;
0;2147483647;10000000;125000;80;17179.869176;1;0.000000;0.000183;5.263097;o;0.001513;0.076357;0.685746;1.110128;1.795876;2.264104;1.125013;5.262899;
0;2147483647;10000000;123457;81;17394.587970;1;0.000000;0.000195;5.218866;o;0.001439;0.076445;0.631256;1.104805;1.736062;2.275080;1.129590;5.218657;
0;2147483647;10000000;121952;82;17609.253206;1;0.000000;0.000164;5.250802;o;0.001415;0.075958;0.648580;1.108938;1.757519;2.294127;1.121572;5.250625;
0;2147483647;10000000;120482;83;17824.103576;1;0.000000;0.000176;5.250085;o;0.001434;0.076695;0.629924;1.100515;1.730440;2.314185;1.127108;5.249896;
0;2147483647;10000000;119048;84;18038.804911;1;0.000000;0.000177;5.313528;o;0.001396;0.076414;0.661039;1.108860;1.769900;2.338786;1.126807;5.313338;
0;2147483647;10000000;117648;85;18253.464972;1;0.000000;0.000171;5.238148;o;0.001396;0.076310;0.623289;1.106779;1.730070;2.312819;1.117332;5.237963;
0;2147483647;10000000;116280;86;18468.211619;1;0.000000;0.000165;5.270283;o;0.001326;0.074465;0.643213;1.100658;1.743872;2.324333;1.126078;5.270106;
0;2147483647;10000000;114943;87;18683.031128;1;0.000000;0.000172;5.254753;o;0.001370;0.073874;0.616942;1.106561;1.723505;2.337511;1.118268;5.254565;
0;2147483647;10000000;113637;88;18897.750266;1;0.000000;0.000171;5.265527;o;0.001286;0.074744;0.610065;1.098303;1.708369;2.361640;1.119272;5.265344;
0;2147483647;10000000;112360;89;19112.528008;1;0.000000;0.000168;5.356267;o;0.001453;0.074450;0.648850;1.103186;1.752037;2.401226;1.126884;5.356083;
0;2147483647;10000000;111112;90;19327.198205;1;0.000000;0.000177;5.338423;o;0.001295;0.076279;0.610781;1.112184;1.722967;2.410918;1.126738;5.338232;
0;2147483647;10000000;109891;91;19541.942898;1;0.000000;0.000173;5.390232;o;0.001271;0.076541;0.643087;1.113951;1.757039;2.426979;1.128181;5.390047;
0;2147483647;10000000;108696;92;19756.786331;1;0.000000;0.000143;5.342619;o;0.001239;0.076080;0.598826;1.104406;1.703233;2.439660;1.122208;5.342462;
0;2147483647;10000000;107527;93;19971.575948;1;0.000000;0.000160;5.368930;o;0.001245;0.075968;0.598090;1.104530;1.702622;2.460792;1.128094;5.368756;
0;2147483647;10000000;106383;94;20186.342245;1;0.000000;0.000176;5.405863;o;0.001305;0.075896;0.609071;1.107409;1.716481;2.484257;1.127693;5.405672;
0;2147483647;10000000;105264;95;20400.931439;1;0.000000;0.000157;5.417939;o;0.001307;0.075986;0.611384;1.100562;1.711948;2.510926;1.117567;5.417766;
0;2147483647;10000000;104167;96;20615.777041;1;0.000000;0.000174;5.425118;o;0.001172;0.075141;0.605451;1.107829;1.713281;2.523785;1.111518;5.424931;
0;2147483647;10000000;103093;97;20830.547632;1;0.000000;0.000155;5.427681;o;0.001160;0.073866;0.583465;1.107205;1.690671;2.545343;1.116442;5.427513;
0;2147483647;10000000;102041;98;21045.301859;1;0.000000;0.000155;5.501136;o;0.001222;0.075991;0.635231;1.107407;1.742639;2.572099;1.108977;5.500965;
0;2147483647;10000000;101011;99;21259.898892;1;0.000000;0.000162;5.472946;o;0.001161;0.075874;0.593304;1.106906;1.700211;2.585329;1.110164;5.472772;
0;2147483647;10000000;10000000;1;214.748365;1;0.000000;0.000603;3.298767;o;0.067582;0.075303;1.199761;0.779815;1.979577;0.642900;0.532750;3.298150;
0;2147483647;10000000;5000000;2;429.496729;1;0.000000;0.000413;3.527304;o;0.033480;0.076178;1.172599;0.627918;1.800518;0.994898;0.621770;3.526879;
0;2147483647;10000000;3333334;3;644.244965;1;0.000000;0.000390;3.755404;o;0.023779;0.075456;1.165413;0.654129;1.819543;1.168405;0.667784;3.755001;
0;2147483647;10000000;2500000;4;858.993459;1;0.000000;0.000319;3.928561;o;0.017397;0.075802;1.152261;0.682755;1.835017;1.270582;0.729398;3.928229;
0;2147483647;10000000;2000000;5;1073.741824;1;0.000000;0.000195;4.013096;o;0.014045;0.073425;1.140282;0.687095;1.827379;1.318159;0.779846;4.012888;
0;2147483647;10000000;1666667;6;1288.489931;1;0.000000;0.000250;4.134978;o;0.012023;0.075397;1.133959;0.727380;1.861340;1.337624;0.848291;4.134710;
0;2147483647;10000000;1428572;7;1503.237952;1;0.000000;0.000263;4.227156;o;0.010623;0.075247;1.119497;0.772514;1.892013;1.342964;0.906003;4.226881;
0;2147483647;10000000;1250000;8;1717.986918;1;0.000000;0.000198;4.400036;o;0.009375;0.075037;1.109108;0.910057;2.019167;1.371239;0.924969;4.399823;
0;2147483647;10000000;1111112;9;1932.733736;1;0.000000;0.000167;4.459634;o;0.008080;0.075086;1.087140;0.957345;2.044486;1.360985;0.970784;4.459454;
0;2147483647;10000000;1000000;10;2147.483647;1;0.000000;0.000176;4.580289;o;0.006827;0.074254;1.077102;1.030739;2.107842;1.377942;1.013199;4.580101;
0;2147483647;10000000;909091;11;2362.231775;1;0.000000;0.000231;4.624006;o;0.006465;0.075698;1.074893;1.045276;2.120170;1.389155;1.032238;4.623760;
0;2147483647;10000000;833334;12;2576.978315;1;0.000000;0.000161;4.672025;o;0.006260;0.074891;1.078572;1.072085;2.150659;1.386590;1.053407;4.671848;
0;2147483647;10000000;769231;13;2791.727904;1;0.000000;0.000224;4.717264;o;0.005964;0.075176;1.051869;1.097076;2.148946;1.407131;1.079771;4.717025;
0;2147483647;10000000;714286;14;3006.475903;1;0.000000;0.000267;4.719813;o;0.005698;0.075878;1.047396;1.117726;2.165123;1.395132;1.077667;4.719533;
0;2147483647;10000000;666667;15;3221.223860;1;0.000000;0.000274;4.733877;o;0.005638;0.075073;1.032913;1.125681;2.158595;1.405889;1.088349;4.733588;
0;2147483647;10000000;625000;16;3435.973835;1;0.000000;0.000173;4.748718;o;0.004265;0.076136;1.020690;1.140722;2.161414;1.412998;1.093676;4.748526;
0;2147483647;10000000;588236;17;3650.717819;1;0.000000;0.000276;4.760795;o;0.004342;0.075558;1.021108;1.135752;2.156861;1.427825;1.095886;4.760505;
0;2147483647;10000000;555556;18;3865.467472;1;0.000000;0.000257;4.762077;o;0.004544;0.075776;1.003894;1.139866;2.143762;1.429866;1.107818;4.761805;
0;2147483647;10000000;526316;19;4080.217297;1;0.000000;0.000277;4.774067;o;0.004706;0.074895;1.005317;1.147807;2.153125;1.435518;1.105494;4.773776;
0;2147483647;10000000;500000;20;4294.967294;1;0.000000;0.000192;4.743876;o;0.003791;0.075493;0.970053;1.144270;2.114324;1.441877;1.108147;4.743670;
0;2147483647;10000000;476191;21;4509.710698;1;0.000000;0.000183;4.771463;o;0.003587;0.075542;0.972687;1.150312;2.123000;1.457496;1.111606;4.771267;
0;2147483647;10000000;454546;22;4724.458354;1;0.000000;0.000304;4.777407;o;0.003556;0.076105;0.956522;1.159957;2.116480;1.475322;1.105585;4.777091;
0;2147483647;10000000;434783;23;4939.207943;1;0.000000;0.000276;4.767061;o;0.003872;0.075793;0.949061;1.158812;2.107874;1.469835;1.109361;4.766773;
0;2147483647;10000000;416667;24;5153.956630;1;0.000000;0.000208;4.789701;o;0.002954;0.076497;0.944413;1.165975;2.110389;1.487026;1.112578;4.789480;
0;2147483647;10000000;400000;25;5368.709117;1;0.000000;0.000222;4.757999;o;0.003125;0.073997;0.917475;1.161657;2.079133;1.491243;1.110234;4.757766;
0;2147483647;10000000;384616;26;5583.448549;1;0.000000;0.000246;4.792978;o;0.003535;0.075058;0.924601;1.167458;2.092061;1.506235;1.115789;4.792718;
0;2147483647;10000000;370371;27;5798.195990;1;0.000000;0.000230;4.802394;o;0.003618;0.075144;0.913886;1.172316;2.086202;1.518009;1.119144;4.802152;
0;2147483647;10000000;357143;28;6012.951806;1;0.000000;0.000174;4.799413;o;0.002841;0.075827;0.897403;1.176009;2.073413;1.528225;1.118883;4.799225;
0;2147483647;10000000;344828;29;6227.695103;1;0.000000;0.000307;4.820455;o;0.003068;0.075915;0.884877;1.117667;2.002545;1.538639;1.199901;4.820135;
0;2147483647;10000000;333334;30;6442.438056;1;0.000000;0.000164;4.804173;o;0.002788;0.075499;0.891721;1.175088;2.066810;1.538708;1.120154;4.803997;
0;2147483647;10000000;322581;31;6657.191983;1;0.000000;0.000134;4.790842;o;0.002375;0.075805;0.858128;1.175216;2.033345;1.551708;1.127424;4.790695;
0;2147483647;10000000;312500;32;6871.947670;1;0.000000;0.000133;4.809952;o;0.002550;0.075538;0.858859;1.182244;2.041105;1.561361;1.129216;4.809807;
0;2147483647;10000000;303031;33;7086.679736;1;0.000000;0.000108;4.801778;o;0.002468;0.075112;0.850657;1.109906;1.960564;1.568285;1.195192;4.801656;
0;2147483647;10000000;294118;34;7301.435638;1;0.000000;0.000250;4.849531;o;0.002596;0.075709;0.851382;1.186032;2.037415;1.599422;1.134090;4.849269;
0;2147483647;10000000;285715;35;7516.173974;1;0.000000;0.000214;4.804389;o;0.002075;0.075176;0.847077;1.180829;2.027908;1.575285;1.123681;4.804162;
0;2147483647;10000000;277778;36;7730.934944;1;0.000000;0.000232;4.812989;o;0.002455;0.075743;0.823437;1.163658;1.987097;1.619713;1.127701;4.812744;
0;2147483647;10000000;270271;37;7945.668041;1;0.000000;0.000272;4.863648;o;0.002839;0.074823;0.854045;1.184137;2.038183;1.608932;1.138548;4.863363;
0;2147483647;10000000;263158;38;8160.434594;1;0.000000;0.000237;4.848616;o;0.002733;0.075126;0.829153;1.113172;1.942326;1.629633;1.198506;4.848365;
0;2147483647;10000000;256411;39;8375.161935;1;0.000000;0.000229;4.851137;o;0.002775;0.074849;0.821022;1.159429;1.980453;1.661521;1.131259;4.850893;
0;2147483647;10000000;250000;40;8589.934588;1;0.000000;0.000223;4.857499;o;0.002546;0.075237;0.819585;1.163258;1.982844;1.670759;1.125834;4.857261;
0;2147483647;10000000;243903;41;8804.662702;1;0.000000;0.000215;4.823582;o;0.002147;0.077236;0.778777;1.109182;1.887960;1.735559;1.120408;4.823353;
0;2147483647;10000000;238096;42;9019.402455;1;0.000000;0.000187;4.854167;o;0.002097;0.074025;0.816839;1.107292;1.924132;1.660629;1.193042;4.853967;
0;2147483647;10000000;232559;43;9234.145516;1;0.000000;0.000306;4.821857;o;0.002195;0.074933;0.780960;1.107005;1.887966;1.665288;1.191124;4.821539;
0;2147483647;10000000;227273;44;9448.916708;1;0.000000;0.000195;4.824315;o;0.002127;0.073323;0.761471;1.103131;1.864603;1.755865;1.128149;4.824107;
0;2147483647;10000000;222223;45;9663.642589;1;0.000000;0.000299;4.854361;o;0.002209;0.074478;0.786440;1.106162;1.892604;1.769546;1.115169;4.854048;
0;2147483647;10000000;217392;46;9878.393165;1;0.000000;0.000162;4.812713;o;0.001628;0.074464;0.724884;1.101693;1.826577;1.784478;1.125356;4.812538;
0;2147483647;10000000;212766;47;10093.171122;1;0.000000;0.000147;4.866490;o;0.001626;0.075960;0.743695;1.109534;1.853230;1.809714;1.125768;4.866331;
0;2147483647;10000000;208334;48;10307.888520;1;0.000000;0.000306;4.883412;o;0.002139;0.075820;0.756218;1.110938;1.867157;1.808482;1.129457;4.883093;
0;2147483647;10000000;204082;49;10522.650930;1;0.000000;0.000154;4.869823;o;0.002185;0.074961;0.730767;1.111656;1.842425;1.827062;1.122978;4.869652;
0;2147483647;10000000;200000;50;10737.418235;1;0.000000;0.000158;4.903521;o;0.002017;0.075109;0.746417;1.111004;1.857423;1.843127;1.125636;4.903350;
0;2147483647;10000000;196079;51;10952.134839;1;0.000000;0.000272;4.885362;o;0.001845;0.075869;0.720665;1.107379;1.828045;1.853249;1.126022;4.885075;
0;2147483647;10000000;192308;52;11166.897097;1;0.000000;0.000150;4.893462;o;0.001922;0.074956;0.716391;1.107717;1.824109;1.870680;1.121591;4.893298;
0;2147483647;10000000;188680;53;11381.617803;1;0.000000;0.000254;4.919048;o;0.001630;0.076345;0.718169;1.114370;1.832541;1.879027;1.129204;4.918781;
0;2147483647;10000000;185186;54;11596.360670;1;0.000000;0.000251;4.915423;o;0.001784;0.075936;0.717703;1.106618;1.824323;1.889055;1.124024;4.915158;
0;2147483647;10000000;181819;55;11811.106909;1;0.000000;0.000241;4.928753;o;0.001595;0.076390;0.700775;1.115767;1.816543;1.907758;1.126174;4.928499;
0;2147483647;10000000;178572;56;12025.869940;1;0.000000;0.000221;4.912270;o;0.001456;0.075273;0.696208;1.105900;1.802110;1.912455;1.120710;4.912036;
0;2147483647;10000000;175439;57;12240.628634;1;0.000000;0.000266;4.990465;o;0.001859;0.075377;0.748574;1.107022;1.855598;1.932397;1.124921;4.990184;
0;2147483647;10000000;172414;58;12455.390206;1;0.000000;0.000266;4.984872;o;0.001950;0.075768;0.722245;1.109741;1.831988;1.948833;1.126013;4.984591;
0;2147483647;10000000;169492;59;12670.118041;1;0.000000;0.000269;4.988072;o;0.001998;0.074128;0.708977;1.112271;1.821250;1.965708;1.124670;4.987791;
0;2147483647;10000000;166667;60;12884.876112;1;0.000000;0.000245;4.994189;o;0.001777;0.075595;0.695227;1.114074;1.809302;1.980405;1.126813;4.993930;
0;2147483647;10000000;163935;61;13099.604398;1;0.000000;0.000095;4.952841;o;0.001590;0.073547;0.661984;1.113805;1.775790;1.976807;1.124966;4.952733;
0;2147483647;10000000;161291;62;13314.342691;1;0.000000;0.000276;4.998508;o;0.001980;0.075585;0.682842;1.107710;1.790553;2.005380;1.124686;4.998220;
0;2147483647;10000000;158731;63;13529.075272;1;0.000000;0.000228;5.002398;o;0.001512;0.075767;0.667497;1.106974;1.774472;2.023878;1.126491;5.002156;
0;2147483647;10000000;156250;64;13743.895341;1;0.000000;0.000221;4.994221;o;0.001240;0.074873;0.663098;1.107242;1.770342;2.026455;1.121031;4.993983;
0;2147483647;10000000;153847;65;13958.566933;1;0.000000;0.000212;5.045481;o;0.001134;0.075670;0.648720;1.108467;1.757189;2.070824;1.140404;5.045257;
0;2147483647;10000000;151516;66;14173.312700;1;0.000000;0.000205;5.028698;o;0.001285;0.076304;0.659141;1.113868;1.773010;2.054381;1.123452;5.028480;
0;2147483647;10000000;149254;67;14388.114536;1;0.000000;0.000302;5.049228;o;0.001852;0.075431;0.664251;1.106683;1.770936;2.073363;1.127289;5.048912;
0;2147483647;10000000;147059;68;14602.871276;1;0.000000;0.000208;5.051532;o;0.001323;0.075640;0.644860;1.111762;1.756624;2.088847;1.128836;5.051307;
0;2147483647;10000000;144928;69;14817.589748;1;0.000000;0.000235;5.088640;o;0.001884;0.075064;0.673689;1.104321;1.778011;2.105216;1.128178;5.088390;
0;2147483647;10000000;142858;70;15032.295335;1;0.000000;0.000197;5.106659;o;0.001193;0.075903;0.640618;1.106587;1.747206;2.148035;1.134075;5.106448;
0;2147483647;10000000;140846;71;15247.033263;1;0.000000;0.000228;5.103076;o;0.001964;0.075237;0.673152;1.109765;1.782918;2.119957;1.122724;5.102835;
0;2147483647;10000000;138889;72;15461.869889;1;0.000000;0.000205;5.053659;o;0.000955;0.075539;0.614218;1.105839;1.720058;2.132625;1.124217;5.053441;
0;2147483647;10000000;136987;73;15676.550673;1;0.000000;0.000232;5.128712;o;0.001693;0.075772;0.660324;1.109614;1.769939;2.152172;1.128855;5.128467;
0;2147483647;10000000;135136;74;15891.277284;1;0.000000;0.000216;5.118792;o;0.001363;0.075778;0.636950;1.106424;1.743376;2.173682;1.124329;5.118563;
0;2147483647;10000000;133334;75;16106.046822;1;0.000000;0.000202;5.166654;o;0.001595;0.075477;0.647205;1.111364;1.758570;2.204569;1.126194;5.166439;
0;2147483647;10000000;131579;76;16320.869189;1;0.000000;0.000195;5.121823;o;0.000949;0.075126;0.617896;1.102520;1.720417;2.201407;1.123667;5.121613;
0;2147483647;10000000;129871;77;16535.513294;1;0.000000;0.000207;5.154938;o;0.001508;0.075209;0.627822;1.106172;1.733995;2.218035;1.125936;5.154718;
0;2147483647;10000000;128206;78;16750.258545;1;0.000000;0.000229;5.222869;o;0.001844;0.075121;0.677584;1.112303;1.789888;2.230498;1.125235;5.222626;
0;2147483647;10000000;126583;79;16965.024111;1;0.000000;0.000235;5.201608;o;0.001784;0.075363;0.638660;1.102705;1.741367;2.256971;1.125841;5.201360;
0;2147483647;10000000;125000;80;17179.869176;1;0.000000;0.000196;5.270357;o;0.001470;0.076610;0.668430;1.115579;1.784011;2.276076;1.131943;5.270148;
0;2147483647;10000000;123457;81;17394.587970;1;0.000000;0.000165;5.258516;o;0.001462;0.076176;0.626059;1.115109;1.741170;2.297941;1.141555;5.258338;
0;2147483647;10000000;121952;82;17609.253206;1;0.000000;0.000199;5.246589;o;0.001494;0.076770;0.634466;1.105657;1.740124;2.304037;1.123912;5.246376;
0;2147483647;10000000;120482;83;17824.103576;1;0.000000;0.000174;5.268696;o;0.001363;0.074340;0.626856;1.118421;1.745278;2.310969;1.136524;5.268509;
0;2147483647;10000000;119048;84;18038.804911;1;0.000000;0.000170;5.268072;o;0.001476;0.076051;0.630904;1.106251;1.737156;2.329235;1.123934;5.267886;
0;2147483647;10000000;117648;85;18253.464972;1;0.000000;0.000193;5.315355;o;0.001312;0.074774;0.653043;1.109985;1.763030;2.351888;1.124112;5.315151;
0;2147483647;10000000;116280;86;18468.211619;1;0.000000;0.000176;5.275832;o;0.001364;0.076215;0.619041;1.105059;1.724102;2.351110;1.122815;5.275642;
0;2147483647;10000000;114943;87;18683.031128;1;0.000000;0.000197;5.328433;o;0.001376;0.076126;0.636679;1.107740;1.744420;2.375889;1.130361;5.328222;
0;2147483647;10000000;113637;88;18897.750266;1;0.000000;0.000188;5.317504;o;0.001371;0.076005;0.626304;1.107101;1.733407;2.382944;1.123532;5.317303;
0;2147483647;10000000;112360;89;19112.528008;1;0.000000;0.000169;5.350509;o;0.001341;0.075795;0.631457;1.109323;1.740781;2.398240;1.134133;5.350326;
0;2147483647;10000000;111112;90;19327.198205;1;0.000000;0.000150;5.351293;o;0.001278;0.076203;0.628159;1.108592;1.736753;2.414377;1.122483;5.351130;
0;2147483647;10000000;109891;91;19541.942898;1;0.000000;0.000164;5.347867;o;0.001282;0.075899;0.611179;1.104510;1.715691;2.427289;1.127498;5.347690;
0;2147483647;10000000;108696;92;19756.786331;1;0.000000;0.000159;5.394917;o;0.001263;0.076553;0.639762;1.105874;1.745638;2.442933;1.128323;5.394745;
0;2147483647;10000000;107527;93;19971.575948;1;0.000000;0.000162;5.391509;o;0.001305;0.076385;0.617185;1.104999;1.722186;2.463264;1.128151;5.391329;
0;2147483647;10000000;106383;94;20186.342245;1;0.000000;0.000157;5.399605;o;0.001251;0.075924;0.628238;1.104960;1.733199;2.456458;1.132571;5.399436;
0;2147483647;10000000;105264;95;20400.931439;1;0.000000;0.000136;5.355470;o;0.001173;0.074873;0.604429;1.105195;1.709625;2.453991;1.115627;5.355322;
0;2147483647;10000000;104167;96;20615.777041;1;0.000000;0.000185;5.350743;o;0.001169;0.074582;0.583137;1.101571;1.684709;2.471455;1.118585;5.350545;
0;2147483647;10000000;103093;97;20830.547632;1;0.000000;0.000154;5.400554;o;0.001168;0.074449;0.606884;1.103950;1.710836;2.503422;1.110476;5.400387;
0;2147483647;10000000;102041;98;21045.301859;1;0.000000;0.000172;5.411105;o;0.001136;0.074642;0.583650;1.104083;1.687734;2.536277;1.111100;5.410922;
0;2147483647;10000000;101011;99;21259.898892;1;0.000000;0.000150;5.504157;o;0.001173;0.076380;0.619405;1.112072;1.731478;2.576942;1.117992;5.503995;
0;2147483647;10000000;10000000;1;214.748365;1;0.000000;0.000549;3.279459;o;0.066872;0.075452;1.193305;0.769571;1.962878;0.639859;0.533799;3.278895;
0;2147483647;10000000;5000000;2;429.496729;1;0.000000;0.000431;3.421341;o;0.033565;0.074309;1.166236;0.620351;1.786588;0.961939;0.564455;3.420895;
0;2147483647;10000000;3333334;3;644.244965;1;0.000000;0.000244;3.756699;o;0.022766;0.075505;1.159857;0.660517;1.820375;1.168382;0.669383;3.756443;
0;2147483647;10000000;2500000;4;858.993459;1;0.000000;0.000290;3.885530;o;0.016500;0.073765;1.144598;0.670280;1.814879;1.259431;0.720618;3.885227;
0;2147483647;10000000;2000000;5;1073.741824;1;0.000000;0.000159;4.006961;o;0.013878;0.074572;1.126761;0.700044;1.826806;1.307088;0.784413;4.006789;
0;2147483647;10000000;1666667;6;1288.489931;1;0.000000;0.000204;4.091500;o;0.011281;0.075636;1.122305;0.718795;1.841102;1.325556;0.837675;4.091283;
0;2147483647;10000000;1428572;7;1503.237952;1;0.000000;0.000237;4.232488;o;0.010094;0.075166;1.119884;0.772801;1.892686;1.357888;0.896363;4.232234;
0;2147483647;10000000;1250000;8;1717.986918;1;0.000000;0.000167;4.341900;o;0.008342;0.074270;1.088519;0.876431;1.964951;1.312147;0.981976;4.341721;
0;2147483647;10000000;1111112;9;1932.733736;1;0.000000;0.000195;4.457475;o;0.008129;0.074904;1.088084;0.953809;2.041895;1.360404;0.971893;4.457266;
0;2147483647;10000000;1000000;10;2147.483647;1;0.000000;0.000184;4.536959;o;0.007046;0.075597;1.081461;1.005486;2.086949;1.362234;1.004900;4.536762;
0;2147483647;10000000;909091;11;2362.231775;1;0.000000;0.000197;4.591229;o;0.006395;0.075743;1.071232;1.041851;2.113084;1.372425;1.023336;4.591017;
0;2147483647;10000000;833334;12;2576.978315;1;0.000000;0.000283;4.659879;o;0.006259;0.074094;1.059168;1.072581;2.131751;1.388580;1.058866;4.659583;
0;2147483647;10000000;769231;13;2791.727904;1;0.000000;0.000214;4.674428;o;0.005774;0.073862;1.047960;1.092510;2.140471;1.390739;1.063320;4.674201;
0;2147483647;10000000;714286;14;3006.475903;1;0.000000;0.000317;4.692765;o;0.005562;0.075501;1.035350;1.101581;2.136933;1.397008;1.077397;4.692435;
0;2147483647;10000000;666667;15;3221.223860;1;0.000000;0.000217;4.715365;o;0.004764;0.075609;1.033400;1.116881;2.150282;1.398225;1.086208;4.715130;
0;2147483647;10000000;625000;16;3435.973835;1;0.000000;0.000331;4.725242;o;0.004794;0.076334;1.023234;1.129573;2.152807;1.401034;1.089892;4.724898;
0;2147483647;10000000;588236;17;3650.717819;1;0.000000;0.000312;4.733540;o;0.004639;0.075595;1.010489;1.135044;2.145535;1.415515;1.091884;4.733211;
0;2147483647;10000000;555556;18;3865.467472;1;0.000000;0.000268;4.798370;o;0.004484;0.074023;1.010117;1.147366;2.157484;1.447060;1.115006;4.798089;
0;2147483647;10000000;526316;19;4080.217297;1;0.000000;0.000240;4.731540;o;0.004250;0.073315;0.971976;1.143325;2.115302;1.431931;1.106453;4.731285;
0;2147483647;10000000;500000;20;4294.967294;1;0.000000;0.000198;4.756714;o;0.003817;0.074139;0.966681;1.156419;2.123102;1.447074;1.108332;4.756503;
0;2147483647;10000000;476191;21;4509.710698;1;0.000000;0.000334;4.755557;o;0.003968;0.075636;0.971423;1.146949;2.118373;1.449041;1.108152;4.755208;
0;2147483647;10000000;454546;22;4724.458354;1;0.000000;0.000142;4.750593;o;0.003554;0.075381;0.958901;1.152938;2.111840;1.450399;1.109227;4.750436;
0;2147483647;10000000;434783;23;4939.207943;1;0.000000;0.000131;4.760595;o;0.003579;0.075396;0.944187;1.157392;2.101580;1.466008;1.113841;4.760449;
0;2147483647;10000000;416667;24;5153.956630;1;0.000000;0.000252;4.776291;o;0.003507;0.075448;0.952693;1.163850;2.116545;1.473289;1.107202;4.776026;
0;2147483647;10000000;400000;25;5368.709117;1;0.000000;0.000227;4.759764;o;0.003494;0.073455;0.928422;1.157113;2.085536;1.490734;1.106266;4.759523;
0;2147483647;10000000;384616;26;5583.448549;1;0.000000;0.000220;4.773248;o;0.003226;0.073772;0.915783;1.165768;2.081552;1.502215;1.112214;4.773016;
0;2147483647;10000000;370371;27;5798.195990;1;0.000000;0.000190;4.771891;o;0.003154;0.073917;0.897045;1.168052;2.065098;1.510206;1.119271;4.771687;
0;2147483647;10000000;357143;28;6012.951806;1;0.000000;0.000157;4.765505;o;0.002531;0.075983;0.892898;1.166882;2.059782;1.511709;1.115296;4.765336;
0;2147483647;10000000;344828;29;6227.695103;1;0.000000;0.000166;4.850997;o;0.002925;0.075307;0.906993;1.188959;2.095953;1.546781;1.129817;4.850818;
0;2147483647;10000000;333334;30;6442.438056;1;0.000000;0.000309;4.778393;o;0.002649;0.075408;0.861523;1.175679;2.037203;1.539262;1.123510;4.778071;
0;2147483647;10000000;322581;31;6657.191983;1;0.000000;0.000286;4.808131;o;0.002653;0.075792;0.877052;1.180039;2.057093;1.549900;1.122353;4.807829;
0;2147483647;10000000;312500;32;6871.947670;1;0.000000;0.000125;4.804639;o;0.002395;0.075453;0.845564;1.175685;2.021250;1.566260;1.139108;4.804501;
0;2147483647;10000000;303031;33;7086.679736;1;0.000000;0.000115;4.797756;o;0.002345;0.075678;0.847649;1.177533;2.025184;1.570987;1.123394;4.797628;
0;2147483647;10000000;294118;34;7301.435638;1;0.000000;0.000235;4.819758;o;0.002418;0.076013;0.847559;1.172617;2.020177;1.588618;1.132246;4.819509;
0;2147483647;10000000;285715;35;7516.173974;1;0.000000;0.000119;4.821120;o;0.002398;0.075432;0.844922;1.183461;2.028384;1.593307;1.121429;4.820988;
0;2147483647;10000000;277778;36;7730.934944;1;0.000000;0.000217;4.787591;o;0.002314;0.076111;0.816868;1.123112;1.939982;1.641389;1.127528;4.787361;
0;2147483647;10000000;270271;37;7945.668041;1;0.000000;0.000249;4.844390;o;0.002953;0.075434;0.847681;1.179438;2.027121;1.613705;1.124872;4.844123;
0;2147483647;10000000;263158;38;8160.434594;1;0.000000;0.000254;4.812104;o;0.002488;0.075745;0.815298;1.135844;1.951144;1.658911;1.123510;4.811837;
0;2147483647;10000000;256411;39;8375.161935;1;0.000000;0.000176;4.813234;o;0.001771;0.076283;0.782802;1.109527;1.892330;1.634656;1.207967;4.813045;
0;2147483647;10000000;250000;40;8589.934588;1;0.000000;0.000193;4.844249;o;0.002263;0.075365;0.817802;1.160834;1.978638;1.672309;1.115430;4.844042;
0;2147483647;10000000;243903;41;8804.662702;1;0.000000;0.000215;4.804310;o;0.001994;0.076022;0.760307;1.110418;1.870727;1.732240;1.123058;4.804082;
0;2147483647;10000000;238096;42;9019.402455;1;0.000000;0.000180;4.827508;o;0.002208;0.075274;0.777618;1.108460;1.886079;1.742022;1.121696;4.827314;
0;2147483647;10000000;232559;43;9234.145516;1;0.000000;0.000194;4.833658;o;0.001992;0.073928;0.766612;1.108475;1.875089;1.757682;1.124723;4.833450;
0;2147483647;10000000;227273;44;9448.916708;1;0.000000;0.000191;4.841115;o;0.002006;0.075905;0.758317;1.111016;1.869335;1.771714;1.121914;4.840911;
0;2147483647;10000000;222223;45;9663.642589;1;0.000000;0.000186;4.930787;o;0.002263;0.073602;0.775159;1.119540;1.894701;1.824539;1.135448;4.930588;
0;2147483647;10000000;217392;46;9878.393165;1;0.000000;0.000188;4.859287;o;0.001873;0.075399;0.755075;1.107759;1.862835;1.792639;1.126303;4.859085;
0;2147483647;10000000;212766;47;10093.171122;1;0.000000;0.000286;4.849847;o;0.001894;0.075396;0.737336;1.107007;1.844345;1.805096;1.122775;4.849547;
0;2147483647;10000000;208334;48;10307.888520;1;0.000000;0.000185;4.882878;o;0.001626;0.075832;0.717454;1.116861;1.834316;1.833805;1.137057;4.882680;
0;2147483647;10000000;204082;49;10522.650930;1;0.000000;0.000279;4.910015;o;0.001984;0.076109;0.731100;1.118956;1.850057;1.843363;1.138173;4.909722;
0;2147483647;10000000;200000;50;10737.418235;1;0.000000;0.000292;4.941594;o;0.002310;0.075866;0.750521;1.119346;1.869869;1.862019;1.131190;4.941287;
0;2147483647;10000000;196079;51;10952.134839;1;0.000000;0.000265;4.955366;o;0.002165;0.075673;0.754530;1.125751;1.880282;1.864790;1.132134;4.955084;
0;2147483647;10000000;192308;52;11166.897097;1;0.000000;0.000273;4.901844;o;0.001709;0.076562;0.691398;1.120759;1.812158;1.881863;1.129228;4.901557;
0;2147483647;10000000;188680;53;11381.617803;1;0.000000;0.000261;4.918156;o;0.001866;0.075911;0.718316;1.121668;1.839985;1.876222;1.123859;4.917880;
0;2147483647;10000000;185186;54;11596.360670;1;0.000000;0.000117;4.927630;o;0.001538;0.075112;0.687238;1.114222;1.801461;1.916550;1.132804;4.927499;
0;2147483647;10000000;181819;55;11811.106909;1;0.000000;0.000262;4.996494;o;0.001932;0.075698;0.771327;1.109466;1.880794;1.903178;1.134577;4.996217;
0;2147483647;10000000;178572;56;12025.869940;1;0.000000;0.000253;4.997932;o;0.002103;0.075425;0.734184;1.114130;1.848315;1.946303;1.125483;4.997664;
0;2147483647;10000000;175439;57;12240.628634;1;0.000000;0.000274;4.920254;o;0.001885;0.076380;0.683628;1.114812;1.798441;1.926375;1.116848;4.919965;
0;2147483647;10000000;172414;58;12455.390206;1;0.000000;0.000255;5.011485;o;0.001912;0.075857;0.702754;1.120611;1.823366;1.975795;1.134240;5.011215;
0;2147483647;10000000;169492;59;12670.118041;1;0.000000;0.000107;4.917893;o;0.001598;0.075468;0.663286;1.105428;1.768715;1.952132;1.119826;4.917773;
0;2147483647;10000000;166667;60;12884.876112;1;0.000000;0.000275;4.988208;o;0.001897;0.073655;0.688963;1.114459;1.803423;1.978389;1.130517;4.987920;
0;2147483647;10000000;163935;61;13099.604398;1;0.000000;0.000090;4.969629;o;0.001478;0.075435;0.660466;1.112068;1.772536;1.998526;1.121516;4.969525;
0;2147483647;10000000;161291;62;13314.342691;1;0.000000;0.000245;4.956365;o;0.001755;0.074208;0.644935;1.109281;1.754216;2.000777;1.125116;4.956106;
0;2147483647;10000000;158731;63;13529.075272;1;0.000000;0.000246;5.017665;o;0.001571;0.076030;0.660614;1.121425;1.782041;2.022114;1.135613;5.017407;
0;2147483647;10000000;156250;64;13743.895341;1;0.000000;0.000209;5.011003;o;0.001458;0.075204;0.651746;1.110456;1.762204;1.965696;1.206172;5.010777;
0;2147483647;10000000;153847;65;13958.566933;1;0.000000;0.000206;5.006060;o;0.001310;0.075599;0.649089;1.116234;1.765325;2.037292;1.126275;5.005839;
0;2147483647;10000000;151516;66;14173.312700;1;0.000001;0.000234;5.061000;o;0.001745;0.075873;0.643576;1.116933;1.760510;2.086449;1.136137;5.060752;
0;2147483647;10000000;149254;67;14388.114536;1;0.000000;0.000228;5.045540;o;0.001732;0.075662;0.671387;1.106995;1.778383;2.065205;1.124281;5.045299;
0;2147483647;10000000;147059;68;14602.871276;1;0.000000;0.000233;5.045538;o;0.001710;0.075697;0.646499;1.115409;1.761910;2.082262;1.123676;5.045292;
0;2147483647;10000000;144928;69;14817.589748;1;0.000000;0.000247;5.071271;o;0.001548;0.075345;0.663824;1.106007;1.769833;2.099556;1.124687;5.071011;
0;2147483647;10000000;142858;70;15032.295335;1;0.000000;0.000229;5.066166;o;0.001697;0.075500;0.650658;1.104109;1.754769;2.111006;1.122915;5.065923;
0;2147483647;10000000;140846;71;15247.033263;1;0.000000;0.000244;5.133911;o;0.001773;0.074802;0.673167;1.107539;1.780706;2.147370;1.128959;5.133653;
0;2147483647;10000000;138889;72;15461.869889;1;0.000000;0.000205;5.085465;o;0.001502;0.075406;0.649259;1.111540;1.760800;2.122406;1.125096;5.085245;
0;2147483647;10000000;136987;73;15676.550673;1;0.000000;0.000196;5.081585;o;0.001236;0.076050;0.627101;1.105224;1.732326;2.150640;1.121085;5.081375;
0;2147483647;10000000;135136;74;15891.277284;1;0.000000;0.000194;5.087565;o;0.001312;0.075893;0.633176;1.105684;1.738860;2.145352;1.125906;5.087358;
0;2147483647;10000000;133334;75;16106.046822;1;0.000000;0.000204;5.137397;o;0.001456;0.075572;0.633779;1.107136;1.740915;2.196134;1.123060;5.137180;
0;2147483647;10000000;131579;76;16320.869189;1;0.000000;0.000215;5.156538;o;0.001656;0.075533;0.648404;1.107173;1.755579;2.190878;1.132624;5.156309;
0;2147483647;10000000;129871;77;16535.513294;1;0.000000;0.000189;5.141637;o;0.001131;0.075691;0.627892;1.108690;1.736583;2.205115;1.122878;5.141433;
0;2147483647;10000000;128206;78;16750.258545;1;0.000000;0.000239;5.150012;o;0.001655;0.075214;0.622265;1.106847;1.729114;2.216043;1.127696;5.149758;
0;2147483647;10000000;126583;79;16965.024111;1;0.000000;0.000177;5.145847;o;0.000930;0.076167;0.601906;1.103863;1.705771;2.238556;1.124194;5.145657;
0;2147483647;10000000;125000;80;17179.869176;1;0.000000;0.000180;5.188517;o;0.001515;0.076324;0.634811;1.107662;1.742475;2.245061;1.122914;5.188322;
0;2147483647;10000000;123457;81;17394.587970;1;0.000000;0.000191;5.280726;o;0.001405;0.074516;0.642080;1.114380;1.756461;2.307484;1.140619;5.280522;
0;2147483647;10000000;121952;82;17609.253206;1;0.000000;0.000161;5.257816;o;0.001387;0.075926;0.643070;1.112979;1.756050;2.295832;1.128413;5.257642;
0;2147483647;10000000;120482;83;17824.103576;1;0.000000;0.000180;5.264010;o;0.001511;0.075936;0.623875;1.112551;1.736427;2.319614;1.130286;5.263813;
0;2147483647;10000000;119048;84;18038.804911;1;0.000000;0.000199;5.301789;o;0.001390;0.075896;0.665695;1.105615;1.771311;2.329059;1.123882;5.301577;
0;2147483647;10000000;117648;85;18253.464972;1;0.000000;0.000184;5.282543;o;0.001367;0.076390;0.614596;1.112964;1.727561;2.346079;1.130914;5.282346;
0;2147483647;10000000;116280;86;18468.211619;1;0.000000;0.000173;5.343182;o;0.001339;0.076106;0.622559;1.119123;1.741682;2.387735;1.136097;5.342996;
0;2147483647;10000000;114943;87;18683.031128;1;0.000000;0.000163;5.339652;o;0.001322;0.076162;0.623514;1.121735;1.745250;2.389178;1.127520;5.339475;
0;2147483647;10000000;113637;88;18897.750266;1;0.000000;0.000169;5.320703;o;0.001336;0.075810;0.622917;1.108240;1.731158;2.390671;1.121512;5.320522;
0;2147483647;10000000;112360;89;19112.528008;1;0.000000;0.000167;5.388317;o;0.001306;0.073340;0.648875;1.108768;1.757645;2.424007;1.131803;5.388136;
0;2147483647;10000000;111112;90;19327.198205;1;0.000000;0.000164;5.349452;o;0.001316;0.076371;0.608793;1.117247;1.726042;2.421038;1.124473;5.349274;
0;2147483647;10000000;109891;91;19541.942898;1;0.000000;0.000159;5.410356;o;0.001337;0.073250;0.629831;1.111336;1.741168;2.446592;1.147796;5.410181;
0;2147483647;10000000;108696;92;19756.786331;1;0.000000;0.000161;5.385993;o;0.001268;0.076085;0.611803;1.111724;1.723528;2.454740;1.130163;5.385819;
0;2147483647;10000000;107527;93;19971.575948;1;0.000000;0.000174;5.416814;o;0.001240;0.076342;0.599959;1.116910;1.716870;2.493058;1.129073;5.416625;
0;2147483647;10000000;106383;94;20186.342245;1;0.000000;0.000157;5.440744;o;0.001285;0.076552;0.633186;1.112140;1.745327;2.498826;1.118551;5.440572;
0;2147483647;10000000;105264;95;20400.931439;1;0.000000;0.000156;5.445293;o;0.001310;0.076222;0.605851;1.111455;1.717307;2.531762;1.118478;5.445120;
0;2147483647;10000000;104167;96;20615.777041;1;0.000000;0.000155;5.492705;o;0.001265;0.076246;0.621839;1.117304;1.739144;2.552599;1.123241;5.492532;
0;2147483647;10000000;103093;97;20830.547632;1;0.000000;0.000165;5.479740;o;0.001153;0.075835;0.609471;1.122114;1.731586;2.555029;1.115925;5.479562;
0;2147483647;10000000;102041;98;21045.301859;1;0.000000;0.000172;5.446040;o;0.001189;0.076289;0.591623;1.115913;1.707537;2.551527;1.109278;5.445855;
0;2147483647;10000000;101011;99;21259.898892;1;0.000000;0.000165;5.540106;o;0.001158;0.075450;0.621037;1.114281;1.735319;2.608411;1.119549;5.539925;
0;2147483647;10000000;10000000;1;214.748365;1;0.000000;0.000606;3.286792;o;0.067114;0.075874;1.195151;0.771348;1.966500;0.641187;0.535456;3.286171;
0;2147483647;10000000;5000000;2;429.496729;1;0.000000;0.000394;3.522216;o;0.034323;0.075540;1.176033;0.622179;1.798214;0.987524;0.626172;3.521807;
0;2147483647;10000000;3333334;3;644.244965;1;0.000000;0.000370;3.788059;o;0.022819;0.076270;1.172096;0.661987;1.834083;1.173009;0.681462;3.787674;
0;2147483647;10000000;2500000;4;858.993459;1;0.000000;0.000312;3.902029;o;0.017686;0.075102;1.149463;0.665390;1.814854;1.271366;0.722656;3.901703;
0;2147483647;10000000;2000000;5;1073.741824;1;0.000000;0.000169;4.017030;o;0.013774;0.075449;1.136735;0.687594;1.824330;1.321673;0.781585;4.016846;
0;2147483647;10000000;1666667;6;1288.489931;1;0.000001;0.000360;4.127386;o;0.011948;0.074984;1.135381;0.724151;1.859534;1.342088;0.837990;4.126583;
0;2147483647;10000000;1428572;7;1503.237952;1;0.000000;0.000232;4.275609;o;0.009998;0.075822;1.116529;0.805534;1.922064;1.350419;0.917025;4.275364;
0;2147483647;10000000;1250000;8;1717.986918;1;0.000000;0.000309;4.384391;o;0.008830;0.075231;1.102932;0.901895;2.004828;1.328166;0.966971;4.384062;
0;2147483647;10000000;1111112;9;1932.733736;1;0.000000;0.000284;4.512569;o;0.007553;0.074086;1.086932;0.975719;2.062652;1.384320;0.983627;4.512272;
0;2147483647;10000000;1000000;10;2147.483647;1;0.000000;0.000200;4.623492;o;0.007227;0.075355;1.129057;1.020176;2.149235;1.378778;1.012647;4.623279;
0;2147483647;10000000;909091;11;2362.231775;1;0.000000;0.000210;4.618109;o;0.006155;0.076120;1.061020;1.056485;2.117507;1.379518;1.038547;4.617886;
0;2147483647;10000000;833334;12;2576.978315;1;0.000000;0.000276;4.662738;o;0.006032;0.075998;1.059690;1.074722;2.134413;1.392010;1.053954;4.662448;
0;2147483647;10000000;769231;13;2791.727904;1;0.000000;0.000218;4.698146;o;0.005811;0.075762;1.045090;1.094818;2.139909;1.403654;1.072745;4.697915;
0;2147483647;10000000;714286;14;3006.475903;1;0.000000;0.000310;4.705241;o;0.005286;0.076109;1.041984;1.105506;2.147491;1.401752;1.074240;4.704917;
0;2147483647;10000000;666667;15;3221.223860;1;0.000000;0.000235;4.762971;o;0.004932;0.075976;1.036814;1.131719;2.168535;1.416906;1.096340;4.762722;
0;2147483647;10000000;625000;16;3435.973835;1;0.000000;0.000252;4.776170;o;0.005129;0.075245;1.032263;1.136258;2.168522;1.423212;1.103754;4.775905;
0;2147483647;10000000;588236;17;3650.717819;1;0.000000;0.000161;4.723095;o;0.004423;0.075896;0.998333;1.139151;2.137485;1.413213;1.091867;4.722922;
0;2147483647;10000000;555556;18;3865.467472;1;0.000000;0.000259;4.753660;o;0.004291;0.075908;0.999061;1.139497;2.138559;1.434528;1.100065;4.753389;
0;2147483647;10000000;526316;19;4080.217297;1;0.000000;0.000205;4.740274;o;0.003544;0.075779;0.973506;1.153497;2.127004;1.428544;1.105150;4.740057;
0;2147483647;10000000;500000;20;4294.967294;1;0.000000;0.000220;4.779686;o;0.004142;0.075282;0.983281;1.154527;2.137810;1.451511;1.110671;4.779452;
0;2147483647;10000000;476191;21;4509.710698;1;0.000000;0.000309;4.821629;o;0.003623;0.076083;0.985918;1.163964;2.149884;1.479395;1.112285;4.821307;
0;2147483647;10000000;454546;22;4724.458354;1;0.000000;0.000144;4.762326;o;0.003464;0.075569;0.943858;1.157788;2.101648;1.469835;1.111614;4.762168;
0;2147483647;10000000;434783;23;4939.207943;1;0.000000;0.000144;4.769724;o;0.003346;0.075329;0.936973;1.165161;2.102135;1.477316;1.111404;4.769567;
0;2147483647;10000000;416667;24;5153.956630;1;0.000000;0.000234;4.810840;o;0.003310;0.075900;0.942365;1.172163;2.114530;1.493488;1.123324;4.810592;
0;2147483647;10000000;400000;25;5368.709117;1;0.000000;0.000088;4.779788;o;0.003182;0.075628;0.917349;1.167565;2.084915;1.502693;1.113223;4.779686;
0;2147483647;10000000;384616;26;5583.448549;1;0.000000;0.000188;4.808727;o;0.002913;0.074054;0.909944;1.174738;2.084684;1.517161;1.129675;4.808526;
0;2147483647;10000000;370371;27;5798.195990;1;0.000000;0.000201;4.833674;o;0.003319;0.074836;0.926099;1.184518;2.110618;1.519130;1.125519;4.833458;
0;2147483647;10000000;357143;28;6012.951806;1;0.000000;0.000202;4.788547;o;0.003216;0.073821;0.880101;1.177782;2.057884;1.530229;1.123148;4.788333;
0;2147483647;10000000;344828;29;6227.695103;1;0.000000;0.000178;4.818346;o;0.003135;0.074839;0.889051;1.180839;2.069891;1.542860;1.127395;4.818155;
0;2147483647;10000000;333334;30;6442.438056;1;0.000000;0.000305;4.806315;o;0.002783;0.075965;0.863250;1.114163;1.977414;1.551998;1.197794;4.805997;
0;2147483647;10000000;322581;31;6657.191983;1;0.000000;0.000277;4.803943;o;0.002679;0.076289;0.855874;1.182819;2.038694;1.554388;1.131561;4.803651;
0;2147483647;10000000;312500;32;6871.947670;1;0.000000;0.000268;4.827467;o;0.002805;0.075757;0.852686;1.187904;2.040591;1.573651;1.134342;4.827185;
0;2147483647;10000000;303031;33;7086.679736;1;0.000000;0.000122;4.776498;o;0.002435;0.073915;0.838881;1.175390;2.014272;1.563600;1.122102;4.776364;
0;2147483647;10000000;294118;34;7301.435638;1;0.000000;0.000106;4.749690;o;0.002415;0.073795;0.801870;1.105227;1.907098;1.644095;1.122133;4.749570;
0;2147483647;10000000;285715;35;7516.173974;1;0.000000;0.000269;4.796673;o;0.002158;0.074773;0.835909;1.178907;2.014817;1.583824;1.120778;4.796391;
0;2147483647;10000000;277778;36;7730.934944;1;0.000000;0.000231;4.780844;o;0.002500;0.074263;0.798882;1.107346;1.906229;1.670814;1.126759;4.780600;
0;2147483647;10000000;270271;37;7945.668041;1;0.000000;0.000214;4.839402;o;0.002215;0.075487;0.807541;1.149778;1.957320;1.669322;1.134790;4.839175;
0;2147483647;10000000;263158;38;8160.434594;1;0.000000;0.000251;4.902391;o;0.002799;0.075372;0.842582;1.195530;2.038113;1.656258;1.129545;4.902127;
0;2147483647;10000000;256411;39;8375.161935;1;0.000000;0.000248;4.814129;o;0.002474;0.075666;0.774909;1.117588;1.892498;1.716773;1.126419;4.813867;
0;2147483647;10000000;250000;40;8589.934588;1;0.000000;0.000174;4.820203;o;0.001753;0.076165;0.777108;1.116721;1.893830;1.721240;1.126992;4.820016;
0;2147483647;10000000;243903;41;8804.662702;1;0.000000;0.000188;4.827998;o;0.001869;0.076227;0.758090;1.116752;1.874843;1.746017;1.128806;4.827797;
0;2147483647;10000000;238096;42;9019.402455;1;0.000000;0.000197;4.843501;o;0.002051;0.075681;0.760566;1.123141;1.883709;1.750070;1.131739;4.843289;
0;2147483647;10000000;232559;43;9234.145516;1;0.000000;0.000159;4.890187;o;0.001839;0.075765;0.765694;1.120503;1.886198;1.790989;1.135188;4.890014;
0;2147483647;10000000;227273;44;9448.916708;1;0.000000;0.000157;4.868168;o;0.001743;0.076050;0.765416;1.113547;1.878964;1.781855;1.129347;4.867996;
0;2147483647;10000000;222223;45;9663.642589;1;0.000000;0.000181;4.865268;o;0.002343;0.075615;0.741173;1.113944;1.855118;1.797867;1.134090;4.865072;
0;2147483647;10000000;217392;46;9878.393165;1;0.000000;0.000176;4.873426;o;0.002281;0.075381;0.743138;1.114410;1.857549;1.803504;1.134479;4.873234;
0;2147483647;10000000;212766;47;10093.171122;1;0.000000;0.000144;4.867808;o;0.001734;0.076029;0.719417;1.117055;1.836474;1.822264;1.131092;4.867640;
0;2147483647;10000000;208334;48;10307.888520;1;0.000000;0.000146;4.858070;o;0.001708;0.075775;0.705257;1.118798;1.824056;1.832779;1.123557;4.857910;
0;2147483647;10000000;204082;49;10522.650930;1;0.000000;0.000136;4.890446;o;0.001662;0.075413;0.738079;1.108500;1.846580;1.833523;1.133085;4.890297;
0;2147483647;10000000;200000;50;10737.418235;1;0.000000;0.000146;4.898357;o;0.002073;0.075068;0.708999;1.114527;1.823527;1.864839;1.132654;4.898196;
0;2147483647;10000000;196079;51;10952.134839;1;0.000000;0.000147;4.890703;o;0.002121;0.075072;0.712860;1.116309;1.829170;1.857908;1.126236;4.890543;
0;2147483647;10000000;192308;52;11166.897097;1;0.000000;0.000136;4.896048;o;0.001717;0.075573;0.689523;1.119463;1.808987;1.882282;1.127297;4.895899;
0;2147483647;10000000;188680;53;11381.617803;1;0.000000;0.000280;4.953192;o;0.001651;0.076600;0.706469;1.119873;1.826344;1.910743;1.137518;4.952898;
0;2147483647;10000000;185186;54;11596.360670;1;0.000000;0.000135;4.937165;o;0.001828;0.075310;0.715725;1.117731;1.833457;1.905889;1.120498;4.937018;
0;2147483647;10000000;181819;55;11811.106909;1;0.000000;0.000118;4.935140;o;0.001612;0.075679;0.680133;1.119452;1.799586;1.926385;1.131711;4.935009;
0;2147483647;10000000;178572;56;12025.869940;1;0.000000;0.000253;4.958123;o;0.001716;0.076263;0.704528;1.114327;1.818857;1.930165;1.130815;4.957857;
0;2147483647;10000000;175439;57;12240.628634;1;0.000000;0.000132;4.904514;o;0.001812;0.075279;0.674051;1.105507;1.779559;1.851926;1.195756;4.904368;
0;2147483647;10000000;172414;58;12455.390206;1;0.000000;0.000272;4.954287;o;0.001808;0.075783;0.696288;1.110005;1.806294;1.949605;1.120474;4.954002;
0;2147483647;10000000;169492;59;12670.118041;1;0.000000;0.000224;4.995108;o;0.001465;0.076157;0.679926;1.112490;1.792417;1.985570;1.139226;4.994870;
0;2147483647;10000000;166667;60;12884.876112;1;0.000000;0.000239;5.003225;o;0.001546;0.075892;0.697172;1.116496;1.813670;1.981753;1.130076;5.002973;
0;2147483647;10000000;163935;61;13099.604398;1;0.000000;0.000231;4.960149;o;0.001574;0.074709;0.665984;1.109585;1.775570;1.984071;1.123947;4.959905;
0;2147483647;10000000;161291;62;13314.342691;1;0.000000;0.000212;5.006118;o;0.001381;0.075614;0.668411;1.111685;1.780096;2.018034;1.130730;5.005891;
0;2147483647;10000000;158731;63;13529.075272;1;0.000000;0.000099;4.959278;o;0.001534;0.072947;0.648214;1.109243;1.757458;2.007250;1.119937;4.959165;
0;2147483647;10000000;156250;64;13743.895341;1;0.000000;0.000232;5.033028;o;0.001763;0.075612;0.676989;1.116623;1.793614;2.033046;1.128709;5.032783;
0;2147483647;10000000;153847;65;13958.566933;1;0.000000;0.000206;5.067100;o;0.001187;0.074434;0.661493;1.122829;1.784324;2.076533;1.130369;5.066881;
0;2147483647;10000000;151516;66;14173.312700;1;0.000000;0.000097;5.027648;o;0.001573;0.074977;0.640830;1.117078;1.757909;2.066984;1.126045;5.027535;
0;2147483647;10000000;149254;67;14388.114536;1;0.000000;0.000272;5.112762;o;0.002024;0.075135;0.693324;1.115109;1.808434;2.070458;1.156392;5.112477;
0;2147483647;10000000;147059;68;14602.871276;1;0.000000;0.000194;5.020710;o;0.001064;0.075456;0.636542;1.107111;1.743655;2.075364;1.124929;5.020504;
0;2147483647;10000000;144928;69;14817.589748;1;0.000000;0.000259;5.043078;o;0.001494;0.075422;0.653542;1.106632;1.760175;2.088285;1.117383;5.042805;
0;2147483647;10000000;142858;70;15032.295335;1;0.000000;0.000230;5.135199;o;0.001636;0.075469;0.661334;1.123294;1.784628;2.143965;1.129221;5.134956;
0;2147483647;10000000;140846;71;15247.033263;1;0.000000;0.000197;5.051309;o;0.001238;0.075036;0.628955;1.103741;1.732697;2.117678;1.124411;5.051099;
0;2147483647;10000000;138889;72;15461.869889;1;0.000000;0.000236;5.088060;o;0.001557;0.075561;0.642821;1.104897;1.747719;2.139168;1.123761;5.087810;
0;2147483647;10000000;136987;73;15676.550673;1;0.000000;0.000185;5.066168;o;0.001140;0.075655;0.615850;1.105858;1.721709;2.145539;1.121892;5.065970;
0;2147483647;10000000;135136;74;15891.277284;1;0.000000;0.000185;5.074103;o;0.000958;0.075278;0.618116;1.105241;1.723358;2.096409;1.177860;5.073903;
0;2147483647;10000000;133334;75;16106.046822;1;0.000000;0.000076;5.103516;o;0.001316;0.074737;0.579597;1.114000;1.693599;2.204588;1.129154;5.103427;
0;2147483647;10000000;131579;76;16320.869189;1;0.000000;0.000242;5.154683;o;0.001741;0.075159;0.640424;1.111846;1.752272;2.202072;1.123144;5.154427;
0;2147483647;10000000;129871;77;16535.513294;1;0.000000;0.000201;5.148686;o;0.001313;0.075175;0.639787;1.105360;1.745149;2.203519;1.123278;5.148472;
0;2147483647;10000000;128206;78;16750.258545;1;0.000000;0.000225;5.168127;o;0.001770;0.075494;0.627511;1.107795;1.735307;2.229775;1.125505;5.167888;
0;2147483647;10000000;126583;79;16965.024111;1;0.000000;0.000193;5.149066;o;0.001355;0.075774;0.613774;1.106065;1.719841;2.228255;1.123600;5.148860;
0;2147483647;10000000;125000;80;17179.869176;1;0.000000;0.000180;5.244315;o;0.001472;0.076322;0.658993;1.107181;1.766175;2.270995;1.129116;5.244121;
0;2147483647;10000000;123457;81;17394.587970;1;0.000000;0.000194;5.226896;o;0.001485;0.076255;0.642860;1.111141;1.754003;2.267879;1.127034;5.226689;
0;2147483647;10000000;121952;82;17609.253206;1;0.000000;0.000182;5.234164;o;0.001478;0.075967;0.631339;1.105300;1.736641;2.297382;1.122464;5.233968;
0;2147483647;10000000;120482;83;17824.103576;1;0.000000;0.000175;5.274653;o;0.001393;0.076180;0.663418;1.106942;1.770361;2.294547;1.131947;5.274465;
0;2147483647;10000000;119048;84;18038.804911;1;0.000000;0.000206;5.223819;o;0.001334;0.074942;0.624396;1.102979;1.727377;2.293561;1.126349;5.223600;
0;2147483647;10000000;117648;85;18253.464972;1;0.000000;0.000178;5.262267;o;0.001360;0.074395;0.648739;1.105477;1.754217;2.314091;1.117783;5.262076;
0;2147483647;10000000;116280;86;18468.211619;1;0.000000;0.000172;5.278462;o;0.001281;0.074848;0.617176;1.103524;1.720701;2.347917;1.133497;5.278278;
0;2147483647;10000000;114943;87;18683.031128;1;0.000000;0.000172;5.311420;o;0.001380;0.074617;0.630456;1.104857;1.735314;2.375963;1.123922;5.311233;
0;2147483647;10000000;113637;88;18897.750266;1;0.000000;0.000166;5.354955;o;0.001394;0.075973;0.616532;1.111123;1.727657;2.419273;1.130441;5.354775;
0;2147483647;10000000;112360;89;19112.528008;1;0.000000;0.000169;5.358309;o;0.001301;0.076192;0.638563;1.107387;1.745951;2.405224;1.129422;5.358126;
0;2147483647;10000000;111112;90;19327.198205;1;0.000000;0.000181;5.401268;o;0.001304;0.076289;0.626372;1.117930;1.744304;2.446824;1.132308;5.401071;
0;2147483647;10000000;109891;91;19541.942898;1;0.000000;0.000176;5.345822;o;0.001341;0.076407;0.612162;1.104258;1.716421;2.427309;1.124114;5.345630;
0;2147483647;10000000;108696;92;19756.786331;1;0.000000;0.000159;5.397127;o;0.001248;0.076414;0.633257;1.111350;1.744608;2.438972;1.135677;5.396955;
0;2147483647;10000000;107527;93;19971.575948;1;0.000000;0.000199;5.405012;o;0.001291;0.075868;0.598251;1.111723;1.709976;2.488094;1.129533;5.404799;
0;2147483647;10000000;106383;94;20186.342245;1;0.000000;0.000185;5.377588;o;0.001222;0.076048;0.606244;1.105369;1.711614;2.462797;1.125666;5.377389;
0;2147483647;10000000;105264;95;20400.931439;1;0.000000;0.000161;5.476001;o;0.001207;0.076411;0.615295;1.118267;1.733563;2.547398;1.117214;5.475827;
0;2147483647;10000000;104167;96;20615.777041;1;0.000000;0.000151;5.446561;o;0.001195;0.076481;0.605671;1.110936;1.716608;2.532332;1.119749;5.446397;
0;2147483647;10000000;103093;97;20830.547632;1;0.000000;0.000151;5.442641;o;0.001213;0.076589;0.598160;1.105456;1.703617;2.549015;1.112012;5.442477;
0;2147483647;10000000;102041;98;21045.301859;1;0.000000;0.000150;5.477149;o;0.001164;0.076363;0.604688;1.107608;1.712297;2.564863;1.122268;5.476986;
0;2147483647;10000000;101011;99;21259.898892;1;0.000000;0.000152;5.500867;o;0.001215;0.075930;0.601829;1.108998;1.710828;2.597428;1.115260;5.500700;
