min;max;size;buckets;mean_elements_in_bucket;threads;time_allocate_sync;time_deallocate;time_all;error;
0;0;0;0;0;0;0;0;0;0;
0;32766;1000000;1000000;1;0.032766;1;0.000000;0.000193;0.339478;o;0.007033;0.007661;0.051203;0.093419;0.144624;0.087320;0.092609;0.339273;
0;32766;1000000;500000;2;0.065532;1;0.000000;0.000307;0.327740;o;0.003647;0.007782;0.051017;0.090220;0.141238;0.084638;0.090089;0.327420;
0;32766;1000000;333334;3;0.098298;1;0.000000;0.000270;0.322505;o;0.002506;0.007682;0.050820;0.088362;0.139183;0.083794;0.089032;0.322223;
0;32766;1000000;250000;4;0.131064;1;0.000000;0.000191;0.317453;o;0.001548;0.007649;0.049042;0.087625;0.136668;0.083679;0.087679;0.317249;
0;32766;1000000;200000;5;0.163830;1;0.000000;0.000141;0.317732;o;0.001547;0.007191;0.049593;0.087209;0.136803;0.084308;0.087703;0.317579;
0;32766;1000000;166667;6;0.196596;1;0.000000;0.000237;0.315793;o;0.001669;0.007257;0.050119;0.087787;0.137907;0.081999;0.086685;0.315543;
0;32766;1000000;142858;7;0.229361;1;0.000000;0.000083;0.314095;o;0.001177;0.007467;0.049942;0.086315;0.136259;0.081936;0.087136;0.314000;
0;32766;1000000;125000;8;0.262128;1;0.000000;0.000162;0.317020;o;0.001295;0.007783;0.052373;0.087054;0.139429;0.081393;0.086920;0.316847;
0;32766;1000000;111112;9;0.294892;1;0.000000;0.000152;0.313994;o;0.001197;0.007800;0.050419;0.086056;0.136476;0.081328;0.087002;0.313829;
0;32766;1000000;100000;10;0.327660;1;0.000000;0.000143;0.315607;o;0.001075;0.007787;0.050534;0.087357;0.137892;0.082517;0.086153;0.315452;
0;32766;1000000;90910;11;0.360422;1;0.000000;0.000136;0.316591;o;0.000971;0.007715;0.049273;0.088095;0.137370;0.083437;0.086924;0.316442;
0;32766;1000000;83334;12;0.393189;1;0.000000;0.000126;0.314377;o;0.000894;0.007726;0.049374;0.086231;0.135606;0.082888;0.087097;0.314237;
0;32766;1000000;76924;13;0.425953;1;0.000000;0.000123;0.310000;o;0.000806;0.007759;0.049182;0.086418;0.135602;0.080967;0.084706;0.309865;
0;32766;1000000;71429;14;0.458721;1;0.000000;0.000105;0.307813;o;0.000761;0.007756;0.048652;0.085068;0.133721;0.079505;0.085925;0.307695;
0;32766;1000000;66667;15;0.491488;1;0.000000;0.000108;0.306491;o;0.000707;0.007729;0.048785;0.084723;0.133509;0.079579;0.084821;0.306371;
0;32766;1000000;62500;16;0.524256;1;0.000000;0.000100;0.310333;o;0.000647;0.007686;0.049389;0.086933;0.136323;0.080046;0.085495;0.310222;
0;32766;1000000;58824;17;0.557018;1;0.000000;0.000097;0.307677;o;0.000621;0.008392;0.048109;0.085339;0.133450;0.080145;0.084935;0.307568;
0;32766;1000000;55556;18;0.589783;1;0.000000;0.000095;0.305617;o;0.000582;0.007735;0.047490;0.084525;0.132016;0.079248;0.085903;0.305509;
0;32766;1000000;52632;19;0.622549;1;0.000000;0.000095;0.304424;o;0.000550;0.008341;0.047729;0.083715;0.131444;0.079523;0.084434;0.304318;
0;32766;1000000;50000;20;0.655320;1;0.000000;0.000086;0.308046;o;0.000514;0.007751;0.047995;0.086497;0.134493;0.080005;0.085160;0.307948;
0;32766;1000000;47620;21;0.688072;1;0.000000;0.000080;0.298595;o;0.000511;0.007789;0.047565;0.082292;0.129859;0.076805;0.083512;0.298503;
0;32766;1000000;45455;22;0.720845;1;0.000000;0.000079;0.299721;o;0.000464;0.007641;0.047452;0.081372;0.128826;0.078793;0.083879;0.299630;
0;32766;1000000;43479;23;0.753605;1;0.000000;0.000083;0.303324;o;0.000447;0.007745;0.048044;0.083389;0.131435;0.078933;0.084642;0.303229;
0;32766;1000000;41667;24;0.786378;1;0.000000;0.000076;0.302600;o;0.000431;0.007785;0.047439;0.083361;0.130801;0.080343;0.083123;0.302511;
0;32766;1000000;40000;25;0.819150;1;0.000000;0.000073;0.300154;o;0.000416;0.007917;0.046818;0.083062;0.129882;0.078547;0.083279;0.300069;
0;32766;1000000;38462;26;0.851906;1;0.000000;0.000067;0.301924;o;0.000394;0.007776;0.047109;0.083670;0.130781;0.078760;0.084107;0.301844;
0;32766;1000000;37038;27;0.884659;1;0.000000;0.000072;0.303133;o;0.000382;0.007789;0.047344;0.083292;0.130638;0.079889;0.084324;0.303049;
0;32766;1000000;35715;28;0.917430;1;0.000000;0.000068;0.299742;o;0.000368;0.007788;0.046916;0.082729;0.129646;0.077574;0.084260;0.299662;
0;32766;1000000;34483;29;0.950207;1;0.000000;0.000067;0.302439;o;0.000347;0.007747;0.047119;0.082110;0.129231;0.078833;0.086176;0.302360;
0;32766;1000000;33334;30;0.982960;1;0.000000;0.000068;0.305252;o;0.000323;0.007583;0.046972;0.084535;0.131508;0.080943;0.084789;0.305172;
0;32766;1000000;32259;31;1.015717;1;0.000000;0.000064;0.310341;o;0.000332;0.007729;0.047576;0.085588;0.133165;0.082764;0.086245;0.310264;
0;32766;1000000;31250;32;1.048512;1;0.000000;0.000062;0.308550;o;0.000311;0.007666;0.046618;0.085812;0.132431;0.082100;0.085940;0.308475;
0;32766;1000000;30304;33;1.081243;1;0.000000;0.000062;0.303963;o;0.000307;0.007765;0.047054;0.082592;0.129647;0.080987;0.085154;0.303889;
0;32766;1000000;29412;34;1.114035;1;0.000000;0.000056;0.306464;o;0.000288;0.007712;0.046424;0.083455;0.129880;0.082647;0.085843;0.306396;
0;32766;1000000;28572;35;1.146787;1;0.000000;0.000061;0.304307;o;0.000285;0.008431;0.046569;0.084411;0.130981;0.081335;0.083176;0.304234;
0;32766;1000000;27778;36;1.179567;1;0.000000;0.000058;0.304900;o;0.000282;0.007768;0.046084;0.082924;0.129009;0.082139;0.085605;0.304830;
0;32766;1000000;27028;37;1.212298;1;0.000000;0.000058;0.308406;o;0.000270;0.007655;0.046682;0.085474;0.132157;0.083776;0.084452;0.308336;
0;32766;1000000;26316;38;1.245098;1;0.000000;0.000054;0.300975;o;0.000259;0.007673;0.046099;0.083806;0.129906;0.080988;0.082055;0.300908;
0;32766;1000000;25642;39;1.277825;1;0.000000;0.000056;0.301183;o;0.000249;0.007572;0.046324;0.081442;0.127768;0.082108;0.083392;0.301116;
0;32766;1000000;25000;40;1.310640;1;0.000000;0.000056;0.303423;o;0.000244;0.007592;0.046361;0.083665;0.130027;0.082016;0.083450;0.303356;
0;32766;1000000;24391;41;1.343364;1;0.000000;0.000053;0.304134;o;0.000240;0.007659;0.046113;0.082912;0.129026;0.083062;0.084056;0.304069;
0;32766;1000000;23810;42;1.376144;1;0.000000;0.000051;0.303653;o;0.000232;0.007629;0.045965;0.082955;0.128922;0.083086;0.083696;0.303590;
0;32766;1000000;23256;43;1.408927;1;0.000000;0.000053;0.309634;o;0.000224;0.008376;0.046267;0.083892;0.130161;0.084988;0.085794;0.309569;
0;32766;1000000;22728;44;1.441658;1;0.000000;0.000047;0.309487;o;0.000220;0.007853;0.045585;0.084718;0.130304;0.086287;0.084736;0.309427;
0;32766;1000000;22223;45;1.474418;1;0.000000;0.000047;0.312091;o;0.000218;0.007875;0.045846;0.085048;0.130896;0.086667;0.086350;0.312032;
0;32766;1000000;21740;46;1.507176;1;0.000000;0.000048;0.311850;o;0.000217;0.007658;0.045496;0.085360;0.130856;0.087050;0.085983;0.311790;
0;32766;1000000;21277;47;1.539973;1;0.000000;0.000048;0.312935;o;0.000210;0.007644;0.045829;0.086226;0.132056;0.086665;0.086268;0.312870;
0;32766;1000000;20834;48;1.572718;1;0.000000;0.000048;0.315759;o;0.000197;0.008314;0.049141;0.084666;0.133808;0.087555;0.085797;0.315699;
0;32766;1000000;20409;49;1.605468;1;0.000000;0.000049;0.313343;o;0.000200;0.007776;0.045686;0.084889;0.130575;0.088368;0.086337;0.313282;
0;32766;1000000;20000;50;1.638300;1;0.000000;0.000044;0.314519;o;0.000191;0.007617;0.045429;0.086682;0.132113;0.088899;0.085615;0.314463;
0;32766;1000000;19608;51;1.671053;1;0.000000;0.000044;0.317385;o;0.000189;0.007613;0.045289;0.086433;0.131723;0.090003;0.087773;0.317328;
0;32766;1000000;19231;52;1.703812;1;0.000000;0.000045;0.311534;o;0.000182;0.007694;0.045410;0.085836;0.131247;0.087113;0.085213;0.311476;
0;32766;1000000;18868;53;1.736591;1;0.000000;0.000046;0.311384;o;0.000179;0.007613;0.045678;0.084803;0.130483;0.087713;0.085312;0.311325;
0;32766;1000000;18519;54;1.769318;1;0.000000;0.000050;0.310912;o;0.000176;0.007625;0.045146;0.085572;0.130719;0.087066;0.085237;0.310850;
0;32766;1000000;18182;55;1.802112;1;0.000000;0.000043;0.313103;o;0.000170;0.007612;0.045280;0.083962;0.129243;0.089900;0.086097;0.313047;
0;32766;1000000;17858;56;1.834808;1;0.000000;0.000045;0.313019;o;0.000170;0.007640;0.044914;0.084931;0.129846;0.089381;0.085892;0.312961;
0;32766;1000000;17544;57;1.867647;1;0.000000;0.000044;0.314283;o;0.000166;0.007630;0.045151;0.085544;0.130696;0.089410;0.086298;0.314227;
0;32766;1000000;17242;58;1.900360;1;0.000000;0.000043;0.314727;o;0.000162;0.007591;0.044948;0.085731;0.130680;0.088726;0.087485;0.314671;
0;32766;1000000;16950;59;1.933097;1;0.000000;0.000042;0.311649;o;0.000159;0.007627;0.044753;0.086579;0.131333;0.087486;0.084963;0.311594;
0;32766;1000000;16667;60;1.965921;1;0.000000;0.000048;0.313566;o;0.000156;0.007516;0.045007;0.085284;0.130292;0.090217;0.085297;0.313505;
0;32766;1000000;16394;61;1.998658;1;0.000000;0.000048;0.309536;o;0.000154;0.007576;0.044820;0.085881;0.130702;0.087813;0.083205;0.309476;
0;32766;1000000;16130;62;2.031370;1;0.000000;0.000044;0.308743;o;0.000151;0.007747;0.045283;0.083766;0.129050;0.088340;0.083364;0.308680;
0;32766;1000000;15874;63;2.064130;1;0.000000;0.000041;0.307975;o;0.000146;0.007559;0.044798;0.083925;0.128723;0.088506;0.082961;0.307922;
0;32766;1000000;15625;64;2.097024;1;0.000000;0.000044;0.316912;o;0.000147;0.007621;0.044809;0.084057;0.128867;0.094624;0.085573;0.316857;
0;32766;1000000;15385;65;2.129737;1;0.000000;0.000045;0.315791;o;0.000145;0.007680;0.044644;0.085467;0.130112;0.092751;0.085021;0.315734;
0;32766;1000000;15152;66;2.162487;1;0.000000;0.000041;0.315803;o;0.000138;0.007546;0.044596;0.083867;0.128464;0.094541;0.085035;0.315750;
0;32766;1000000;14926;67;2.195230;1;0.000000;0.000041;0.316539;o;0.000138;0.007686;0.045055;0.084154;0.129210;0.095215;0.084211;0.316487;
0;32766;1000000;14706;68;2.228070;1;0.000000;0.000042;0.317647;o;0.000134;0.007641;0.044546;0.084161;0.128709;0.096954;0.084130;0.317593;
0;32766;1000000;14493;69;2.260816;1;0.000000;0.000043;0.319266;o;0.000131;0.007639;0.044993;0.084330;0.129324;0.097324;0.084768;0.319212;
0;32766;1000000;14286;70;2.293574;1;0.000000;0.000041;0.321177;o;0.000131;0.007704;0.044713;0.085020;0.129734;0.098545;0.084984;0.321123;
0;32766;1000000;14085;71;2.326305;1;0.000000;0.000043;0.318863;o;0.000130;0.007633;0.044740;0.084142;0.128883;0.097731;0.084404;0.318807;
0;32766;1000000;13889;72;2.359133;1;0.000000;0.000043;0.319352;o;0.000126;0.007643;0.044629;0.083737;0.128368;0.097944;0.085185;0.319292;
0;32766;1000000;13699;73;2.391853;1;0.000000;0.000037;0.320262;o;0.000124;0.007591;0.044381;0.084745;0.129127;0.098918;0.084427;0.320214;
0;32766;1000000;13514;74;2.424597;1;0.000000;0.000041;0.324894;o;0.000124;0.007676;0.044869;0.084823;0.129693;0.101696;0.085624;0.324840;
0;32766;1000000;13334;75;2.457327;1;0.000000;0.000040;0.323716;o;0.000122;0.007670;0.044590;0.084005;0.128596;0.103148;0.084103;0.323664;
0;32766;1000000;13158;76;2.490196;1;0.000000;0.000039;0.323626;o;0.000116;0.007559;0.044204;0.083693;0.127898;0.102370;0.085606;0.323575;
0;32766;1000000;12988;77;2.522790;1;0.000000;0.000039;0.323955;o;0.000121;0.007643;0.044318;0.084110;0.128429;0.104350;0.083336;0.323904;
0;32766;1000000;12821;78;2.555651;1;0.000000;0.000037;0.323840;o;0.000121;0.008315;0.044486;0.083433;0.127920;0.103539;0.083870;0.323791;
0;32766;1000000;12659;79;2.588356;1;0.000000;0.000041;0.326768;o;0.000112;0.007742;0.044460;0.084718;0.129179;0.105726;0.083930;0.326714;
0;32766;1000000;12500;80;2.621280;1;0.000000;0.000040;0.327095;o;0.000110;0.007535;0.044199;0.084309;0.128510;0.105885;0.084977;0.327044;
0;32766;1000000;12346;81;2.653977;1;0.000000;0.000038;0.329181;o;0.000109;0.007623;0.044389;0.084119;0.128509;0.107564;0.085298;0.329130;
0;32766;1000000;12196;82;2.686619;1;0.000000;0.000039;0.333666;o;0.000110;0.008394;0.044405;0.084877;0.129284;0.108927;0.086875;0.333616;
0;32766;1000000;12049;83;2.719396;1;0.000000;0.000041;0.328877;o;0.000114;0.007746;0.044294;0.083679;0.127975;0.107799;0.085163;0.328824;
0;32766;1000000;11905;84;2.752289;1;0.000000;0.000038;0.329777;o;0.000107;0.007863;0.044217;0.083655;0.127874;0.108566;0.085285;0.329727;
0;32766;1000000;11765;85;2.785040;1;0.000000;0.000040;0.333306;o;0.000107;0.007693;0.044475;0.084277;0.128753;0.111093;0.085581;0.333254;
0;32766;1000000;11628;86;2.817853;1;0.000000;0.000039;0.333704;o;0.000105;0.007541;0.044227;0.085549;0.129778;0.110661;0.085543;0.333653;
0;32766;1000000;11495;87;2.850457;1;0.000000;0.000041;0.335686;o;0.000102;0.007558;0.044341;0.084614;0.128956;0.112522;0.086469;0.335632;
0;32766;1000000;11364;88;2.883316;1;0.000000;0.000039;0.338694;o;0.000101;0.007599;0.044423;0.084203;0.128627;0.113557;0.088732;0.338644;
0;32766;1000000;11236;89;2.916162;1;0.000000;0.000040;0.339390;o;0.000101;0.007784;0.044642;0.084842;0.129485;0.115251;0.086690;0.339337;
0;32766;1000000;11112;90;2.948704;1;0.000000;0.000040;0.340842;o;0.000102;0.007707;0.044613;0.086171;0.130785;0.114728;0.087442;0.340789;
0;32766;1000000;10990;91;2.981438;1;0.000000;0.000040;0.338972;o;0.000098;0.007715;0.043913;0.086530;0.130444;0.114326;0.086310;0.338919;
0;32766;1000000;10870;92;3.014351;1;0.000000;0.000039;0.339314;o;0.000101;0.007743;0.044214;0.085394;0.129609;0.115342;0.086434;0.339255;
0;32766;1000000;10753;93;3.047150;1;0.000000;0.000038;0.339245;o;0.000099;0.007669;0.044135;0.084528;0.128665;0.116879;0.085858;0.339195;
0;32766;1000000;10639;94;3.079801;1;0.000000;0.000039;0.341673;o;0.000096;0.007709;0.044441;0.086046;0.130488;0.116830;0.086473;0.341622;
0;32766;1000000;10527;95;3.112568;1;0.000000;0.000040;0.343715;o;0.000095;0.007598;0.043812;0.085626;0.129440;0.119545;0.086958;0.343662;
0;32766;1000000;10417;96;3.145435;1;0.000000;0.000037;0.343824;o;0.000095;0.007665;0.043929;0.085953;0.129883;0.120265;0.085838;0.343775;
0;32766;1000000;10310;97;3.178080;1;0.000000;0.000039;0.345709;o;0.000094;0.007597;0.044312;0.086084;0.130397;0.121222;0.086322;0.345658;
0;32766;1000000;10205;98;3.210779;1;0.000000;0.000036;0.346480;o;0.000091;0.007788;0.044462;0.084858;0.129321;0.122896;0.086310;0.346432;
0;32766;1000000;10102;99;3.243516;1;0.000000;0.000037;0.347113;o;0.000091;0.007655;0.044226;0.085035;0.129262;0.123631;0.086397;0.347063;
0;32766;1000000;1000000;1;0.032766;1;0.000000;0.000323;0.340857;o;0.006640;0.007674;0.049623;0.094238;0.143863;0.089067;0.093251;0.340521;
0;32766;1000000;500000;2;0.065532;1;0.000000;0.000189;0.328986;o;0.003285;0.007443;0.050150;0.090652;0.140803;0.086581;0.090647;0.328785;
0;32766;1000000;333334;3;0.098298;1;0.000000;0.000152;0.320931;o;0.002399;0.007156;0.049974;0.088876;0.138851;0.084683;0.087652;0.320767;
0;32766;1000000;250000;4;0.131064;1;0.000000;0.000190;0.315067;o;0.001769;0.007435;0.050501;0.087401;0.137904;0.080732;0.087000;0.314865;
0;32766;1000000;200000;5;0.163830;1;0.000000;0.000138;0.308844;o;0.001391;0.007257;0.048460;0.086328;0.134789;0.079865;0.085364;0.308693;
0;32766;1000000;166667;6;0.196596;1;0.000000;0.000114;0.312253;o;0.001493;0.007710;0.049040;0.085808;0.134849;0.081245;0.086799;0.312122;
0;32766;1000000;142858;7;0.229361;1;0.000000;0.000208;0.312963;o;0.001100;0.007616;0.049850;0.085105;0.134956;0.081546;0.087497;0.312743;
0;32766;1000000;125000;8;0.262128;1;0.000000;0.000171;0.311885;o;0.001312;0.007772;0.050683;0.085822;0.136506;0.080886;0.085199;0.311701;
0;32766;1000000;111112;9;0.294892;1;0.000000;0.000162;0.314402;o;0.001187;0.007666;0.052278;0.085267;0.137546;0.081845;0.085960;0.314228;
0;32766;1000000;100000;10;0.327660;1;0.000000;0.000149;0.309262;o;0.001058;0.007666;0.050452;0.084798;0.135252;0.080396;0.084702;0.309101;
0;32766;1000000;90910;11;0.360422;1;0.000000;0.000140;0.310657;o;0.000971;0.007730;0.050276;0.084847;0.135124;0.081310;0.085344;0.310505;
0;32766;1000000;83334;12;0.393189;1;0.000000;0.000139;0.308959;o;0.000874;0.007746;0.049139;0.085252;0.134392;0.080211;0.085559;0.308807;
0;32766;1000000;76924;13;0.425953;1;0.000000;0.000125;0.306285;o;0.000818;0.007676;0.049000;0.083567;0.132569;0.080021;0.085039;0.306148;
0;32766;1000000;71429;14;0.458721;1;0.000000;0.000115;0.303169;o;0.000770;0.007750;0.049011;0.083159;0.132172;0.078401;0.083923;0.303042;
0;32766;1000000;66667;15;0.491488;1;0.000000;0.000112;0.304729;o;0.000706;0.007900;0.048111;0.085055;0.133168;0.078355;0.084450;0.304605;
0;32766;1000000;62500;16;0.524256;1;0.000000;0.000106;0.302772;o;0.000656;0.007574;0.047908;0.083277;0.131186;0.079265;0.083948;0.302654;
0;32766;1000000;58824;17;0.557018;1;0.000000;0.000100;0.297880;o;0.000607;0.007767;0.047663;0.081162;0.128826;0.076929;0.083613;0.297769;
0;32766;1000000;55556;18;0.589783;1;0.000000;0.000094;0.298620;o;0.000576;0.007617;0.047567;0.083012;0.130580;0.077563;0.082153;0.298513;
0;32766;1000000;52632;19;0.622549;1;0.000000;0.000092;0.304014;o;0.000539;0.007622;0.047798;0.084537;0.132337;0.078965;0.084422;0.303910;
0;32766;1000000;50000;20;0.655320;1;0.000000;0.000093;0.307216;o;0.000513;0.007593;0.047227;0.084629;0.131857;0.082004;0.085118;0.307111;
0;32766;1000000;47620;21;0.688072;1;0.000000;0.000082;0.311147;o;0.000485;0.007921;0.048240;0.085028;0.133269;0.082740;0.086612;0.311053;
0;32766;1000000;45455;22;0.720845;1;0.000000;0.000088;0.308449;o;0.000465;0.007678;0.047325;0.085022;0.132348;0.082053;0.085777;0.308349;
0;32766;1000000;43479;23;0.753605;1;0.000000;0.000080;0.309593;o;0.000448;0.007742;0.047597;0.086148;0.133747;0.081613;0.085924;0.309501;
0;32766;1000000;41667;24;0.786378;1;0.000000;0.000084;0.307455;o;0.000411;0.007542;0.047126;0.085015;0.132142;0.081400;0.085837;0.307359;
0;32766;1000000;40000;25;0.819150;1;0.000000;0.000077;0.308371;o;0.000389;0.008255;0.046896;0.084788;0.131685;0.081430;0.086497;0.308283;
0;32766;1000000;38462;26;0.851906;1;0.000000;0.000074;0.305972;o;0.000388;0.007730;0.047367;0.084316;0.131685;0.080444;0.085615;0.305886;
0;32766;1000000;37038;27;0.884659;1;0.000000;0.000066;0.305750;o;0.000374;0.008398;0.047170;0.085214;0.132386;0.079585;0.084903;0.305672;
0;32766;1000000;35715;28;0.917430;1;0.000000;0.000065;0.303574;o;0.000355;0.008313;0.047032;0.083400;0.130433;0.079758;0.084614;0.303497;
0;32766;1000000;34483;29;0.950207;1;0.000000;0.000070;0.309326;o;0.000351;0.007773;0.047008;0.085770;0.132779;0.081558;0.086757;0.309244;
0;32766;1000000;33334;30;0.982960;1;0.000000;0.000062;0.308963;o;0.000334;0.007691;0.047345;0.085543;0.132890;0.081357;0.086591;0.308889;
0;32766;1000000;32259;31;1.015717;1;0.000000;0.000062;0.303079;o;0.000319;0.007675;0.046481;0.083252;0.129733;0.080398;0.084854;0.303005;
0;32766;1000000;31250;32;1.048512;1;0.000000;0.000060;0.303302;o;0.000307;0.007636;0.046683;0.082894;0.129578;0.081220;0.084465;0.303231;
0;32766;1000000;30304;33;1.081243;1;0.000000;0.000060;0.306405;o;0.000296;0.007649;0.046781;0.083901;0.130684;0.081550;0.086128;0.306333;
0;32766;1000000;29412;34;1.114035;1;0.000000;0.000061;0.307377;o;0.000302;0.007708;0.046610;0.085010;0.131622;0.082178;0.085467;0.307303;
0;32766;1000000;28572;35;1.146787;1;0.000000;0.000063;0.304706;o;0.000281;0.007660;0.046325;0.084489;0.130815;0.081519;0.084328;0.304631;
0;32766;1000000;27778;36;1.179567;1;0.000000;0.000060;0.304984;o;0.000275;0.007681;0.046307;0.083679;0.129987;0.082651;0.084292;0.304912;
0;32766;1000000;27028;37;1.212298;1;0.000000;0.000059;0.305250;o;0.000264;0.007579;0.045944;0.084679;0.130625;0.082523;0.084163;0.305179;
0;32766;1000000;26316;38;1.245098;1;0.000000;0.000057;0.305744;o;0.000266;0.007570;0.046272;0.084297;0.130570;0.082481;0.084764;0.305676;
0;32766;1000000;25642;39;1.277825;1;0.000000;0.000057;0.300206;o;0.000260;0.007643;0.046159;0.082106;0.128266;0.081104;0.082837;0.300136;
0;32766;1000000;25000;40;1.310640;1;0.000000;0.000054;0.307896;o;0.000246;0.007646;0.046087;0.085045;0.131132;0.083939;0.084841;0.307830;
0;32766;1000000;24391;41;1.343364;1;0.000000;0.000052;0.313705;o;0.000235;0.007587;0.045940;0.085228;0.131169;0.087056;0.087567;0.313640;
0;32766;1000000;23810;42;1.376144;1;0.000000;0.000053;0.313115;o;0.000242;0.007794;0.045825;0.084381;0.130207;0.087741;0.087038;0.313049;
0;32766;1000000;23256;43;1.408927;1;0.000000;0.000049;0.312181;o;0.000229;0.007613;0.045823;0.085457;0.131282;0.087190;0.085779;0.312119;
0;32766;1000000;22728;44;1.441658;1;0.000000;0.000050;0.311070;o;0.000217;0.007608;0.046420;0.084458;0.130879;0.086457;0.085821;0.311008;
0;32766;1000000;22223;45;1.474418;1;0.000000;0.000051;0.310267;o;0.000215;0.007650;0.045822;0.084537;0.130360;0.086839;0.085112;0.310204;
0;32766;1000000;21740;46;1.507176;1;0.000000;0.000051;0.315711;o;0.000208;0.007567;0.047048;0.087192;0.134241;0.086867;0.086738;0.315648;
0;32766;1000000;21277;47;1.539973;1;0.000000;0.000052;0.314301;o;0.000206;0.007659;0.045892;0.086112;0.132005;0.088161;0.086178;0.314236;
0;32766;1000000;20834;48;1.572718;1;0.000000;0.000054;0.314864;o;0.000201;0.007636;0.045533;0.086919;0.132453;0.088373;0.086108;0.314797;
0;32766;1000000;20409;49;1.605468;1;0.000000;0.000048;0.313123;o;0.000194;0.007645;0.045275;0.085457;0.130733;0.087702;0.086761;0.313063;
0;32766;1000000;20000;50;1.638300;1;0.000000;0.000050;0.316874;o;0.000195;0.007675;0.045583;0.087040;0.132624;0.089267;0.087023;0.316811;
0;32766;1000000;19608;51;1.671053;1;0.000000;0.000052;0.309719;o;0.000199;0.007649;0.045556;0.084236;0.129793;0.087596;0.084391;0.309655;
0;32766;1000000;19231;52;1.703812;1;0.000000;0.000050;0.308480;o;0.000185;0.007781;0.046484;0.084093;0.130579;0.085885;0.083962;0.308418;
0;32766;1000000;18868;53;1.736591;1;0.000000;0.000050;0.312765;o;0.000183;0.007737;0.046356;0.084547;0.130905;0.087317;0.086532;0.312703;
0;32766;1000000;18519;54;1.769318;1;0.000000;0.000051;0.319916;o;0.000181;0.007917;0.046858;0.087669;0.134528;0.090330;0.086868;0.319852;
0;32766;1000000;18182;55;1.802112;1;0.000000;0.000046;0.315080;o;0.000177;0.007815;0.046426;0.085214;0.131641;0.090120;0.085239;0.315021;
0;32766;1000000;17858;56;1.834808;1;0.000000;0.000050;0.314309;o;0.000172;0.008596;0.046490;0.086641;0.133132;0.087376;0.084941;0.314247;
0;32766;1000000;17544;57;1.867647;1;0.000000;0.000054;0.312362;o;0.000168;0.007893;0.046270;0.084603;0.130874;0.085997;0.087337;0.312296;
0;32766;1000000;17242;58;1.900360;1;0.000000;0.000049;0.311826;o;0.000165;0.007725;0.045901;0.084566;0.130468;0.088810;0.084569;0.311765;
0;32766;1000000;16950;59;1.933097;1;0.000000;0.000045;0.321323;o;0.000168;0.007786;0.046077;0.085762;0.131841;0.091713;0.089728;0.321265;
0;32766;1000000;16667;60;1.965921;1;0.000000;0.000045;0.320373;o;0.000166;0.007768;0.046296;0.086353;0.132650;0.092303;0.087398;0.320314;
0;32766;1000000;16394;61;1.998658;1;0.000000;0.000046;0.312028;o;0.000153;0.007621;0.045054;0.085657;0.130712;0.088785;0.084672;0.311970;
0;32766;1000000;16130;62;2.031370;1;0.000000;0.000047;0.312704;o;0.000152;0.007796;0.046174;0.083784;0.129959;0.089418;0.085290;0.312644;
0;32766;1000000;15874;63;2.064130;1;0.000000;0.000049;0.313834;o;0.000150;0.007775;0.045951;0.084867;0.130819;0.090147;0.084855;0.313773;
0;32766;1000000;15625;64;2.097024;1;0.000000;0.000047;0.311391;o;0.000146;0.007739;0.045898;0.084061;0.129961;0.090474;0.082984;0.311332;
0;32766;1000000;15385;65;2.129737;1;0.000000;0.000044;0.316898;o;0.000145;0.007833;0.046094;0.084279;0.130374;0.093024;0.085438;0.316842;
0;32766;1000000;15152;66;2.162487;1;0.000000;0.000045;0.319754;o;0.000145;0.007854;0.046441;0.084977;0.131420;0.094026;0.086223;0.319696;
0;32766;1000000;14926;67;2.195230;1;0.000000;0.000048;0.324156;o;0.000140;0.007831;0.046006;0.086175;0.132182;0.097135;0.086777;0.324096;
0;32766;1000000;14706;68;2.228070;1;0.000000;0.000044;0.326845;o;0.000144;0.007737;0.046131;0.086546;0.132678;0.099205;0.086994;0.326788;
0;32766;1000000;14493;69;2.260816;1;0.000000;0.000044;0.324955;o;0.000138;0.007800;0.045777;0.085218;0.130996;0.099443;0.086492;0.324899;
0;32766;1000000;14286;70;2.293574;1;0.000000;0.000047;0.323784;o;0.000130;0.007955;0.045706;0.085993;0.131700;0.097835;0.086077;0.323726;
0;32766;1000000;14085;71;2.326305;1;0.000000;0.000044;0.323809;o;0.000130;0.007862;0.045999;0.083956;0.129956;0.099758;0.086017;0.323753;
0;32766;1000000;13889;72;2.359133;1;0.000000;0.000042;0.322353;o;0.000128;0.007634;0.045730;0.083510;0.129242;0.100216;0.085050;0.322299;
0;32766;1000000;13699;73;2.391853;1;0.000000;0.000047;0.327466;o;0.000124;0.007747;0.046279;0.084894;0.131175;0.102066;0.086266;0.327407;
0;32766;1000000;13514;74;2.424597;1;0.000000;0.000041;0.321302;o;0.000123;0.007710;0.045952;0.083461;0.129414;0.100511;0.083460;0.321247;
0;32766;1000000;13334;75;2.457327;1;0.000000;0.000045;0.325914;o;0.000119;0.007810;0.045473;0.085324;0.130798;0.103656;0.083444;0.325856;
0;32766;1000000;13158;76;2.490196;1;0.000000;0.000047;0.323477;o;0.000119;0.007976;0.045707;0.083509;0.129217;0.102633;0.083445;0.323418;
0;32766;1000000;12988;77;2.522790;1;0.000000;0.000043;0.327296;o;0.000122;0.007759;0.045621;0.084400;0.130022;0.104144;0.085164;0.327240;
0;32766;1000000;12821;78;2.555651;1;0.000000;0.000044;0.330127;o;0.000115;0.007701;0.045304;0.085773;0.131078;0.105938;0.085209;0.330070;
0;32766;1000000;12659;79;2.588356;1;0.000000;0.000046;0.331094;o;0.000115;0.007856;0.045380;0.086663;0.132045;0.105665;0.085326;0.331035;
0;32766;1000000;12500;80;2.621280;1;0.000000;0.000042;0.330111;o;0.000112;0.007676;0.045647;0.084394;0.130043;0.107152;0.085041;0.330056;
0;32766;1000000;12346;81;2.653977;1;0.000000;0.000046;0.333991;o;0.000112;0.007775;0.045216;0.085721;0.130939;0.108950;0.086129;0.333932;
0;32766;1000000;12196;82;2.686619;1;0.000000;0.000043;0.335615;o;0.000110;0.007696;0.045316;0.086536;0.131854;0.109566;0.086304;0.335559;
0;32766;1000000;12049;83;2.719396;1;0.000000;0.000040;0.333767;o;0.000109;0.007727;0.045156;0.084761;0.129918;0.108727;0.087203;0.333714;
0;32766;1000000;11905;84;2.752289;1;0.000000;0.000045;0.337934;o;0.000109;0.007788;0.045649;0.086568;0.132219;0.111172;0.086560;0.337876;
0;32766;1000000;11765;85;2.785040;1;0.000000;0.000043;0.334643;o;0.000106;0.007619;0.045294;0.085475;0.130770;0.110566;0.085497;0.334588;
0;32766;1000000;11628;86;2.817853;1;0.000000;0.000038;0.338785;o;0.000104;0.007715;0.045247;0.084607;0.129856;0.113760;0.087270;0.338735;
0;32766;1000000;11495;87;2.850457;1;0.000000;0.000046;0.337665;o;0.000103;0.007726;0.045459;0.085911;0.131372;0.112566;0.085811;0.337606;
0;32766;1000000;11364;88;2.883316;1;0.000000;0.000042;0.337145;o;0.000103;0.007683;0.045529;0.083876;0.129407;0.112910;0.086958;0.337091;
0;32766;1000000;11236;89;2.916162;1;0.000000;0.000043;0.341944;o;0.000100;0.007673;0.045414;0.086887;0.132302;0.114041;0.087746;0.341889;
0;32766;1000000;11112;90;2.948704;1;0.000000;0.000042;0.339417;o;0.000101;0.007872;0.045672;0.085857;0.131531;0.114362;0.085468;0.339362;
0;32766;1000000;10990;91;2.981438;1;0.000000;0.000042;0.336376;o;0.000098;0.007744;0.045039;0.084430;0.129470;0.113797;0.085185;0.336322;
0;32766;1000000;10870;92;3.014351;1;0.000000;0.000042;0.336694;o;0.000100;0.008092;0.045833;0.083993;0.129828;0.113998;0.084594;0.336639;
0;32766;1000000;10753;93;3.047150;1;0.000000;0.000042;0.339510;o;0.000097;0.007706;0.045283;0.085356;0.130640;0.115278;0.085708;0.339456;
0;32766;1000000;10639;94;3.079801;1;0.000000;0.000042;0.345000;o;0.000097;0.008447;0.044969;0.086610;0.131581;0.117726;0.087061;0.344946;
0;32766;1000000;10527;95;3.112568;1;0.000000;0.000041;0.347167;o;0.000099;0.007911;0.044963;0.085645;0.130609;0.120769;0.087694;0.347112;
0;32766;1000000;10417;96;3.145435;1;0.000000;0.000042;0.346501;o;0.000094;0.008471;0.045050;0.085544;0.130595;0.120118;0.087139;0.346447;
0;32766;1000000;10310;97;3.178080;1;0.000000;0.000038;0.339814;o;0.000094;0.007891;0.044740;0.083409;0.128151;0.118462;0.085137;0.339763;
0;32766;1000000;10205;98;3.210779;1;0.000000;0.000036;0.343053;o;0.000092;0.007752;0.045131;0.083722;0.128854;0.121073;0.085203;0.343004;
0;32766;1000000;10102;99;3.243516;1;0.000000;0.000044;0.346950;o;0.000096;0.007852;0.045150;0.084081;0.129232;0.123116;0.086563;0.346894;
0;32766;1000000;1000000;1;0.032766;1;0.000000;0.000324;0.346987;o;0.007452;0.007663;0.052069;0.095015;0.147085;0.089911;0.094511;0.346650;
0;32766;1000000;500000;2;0.065532;1;0.000000;0.000199;0.333431;o;0.003540;0.007450;0.053639;0.091884;0.145525;0.085906;0.090770;0.333218;
0;32766;1000000;333334;3;0.098298;1;0.000000;0.000162;0.320897;o;0.002608;0.007088;0.050025;0.088537;0.138563;0.083999;0.088437;0.320724;
0;32766;1000000;250000;4;0.131064;1;0.000000;0.000188;0.320834;o;0.001770;0.007738;0.050031;0.088027;0.138060;0.084014;0.089016;0.320633;
0;32766;1000000;200000;5;0.163830;1;0.000000;0.000283;0.316068;o;0.001993;0.007524;0.051366;0.086458;0.137825;0.082267;0.086135;0.315772;
0;32766;1000000;166667;6;0.196596;1;0.000000;0.000243;0.320119;o;0.001500;0.007720;0.051285;0.088117;0.139404;0.082614;0.088597;0.319863;
0;32766;1000000;142858;7;0.229361;1;0.000000;0.000220;0.317282;o;0.001392;0.007395;0.051388;0.087089;0.138478;0.082768;0.086989;0.317050;
0;32766;1000000;125000;8;0.262128;1;0.000000;0.000180;0.319845;o;0.001409;0.008617;0.052733;0.086813;0.139547;0.082721;0.087330;0.319653;
0;32766;1000000;111112;9;0.294892;1;0.000000;0.000164;0.315876;o;0.001248;0.008172;0.052243;0.085521;0.137765;0.081950;0.086535;0.315699;
0;32766;1000000;100000;10;0.327660;1;0.000000;0.000146;0.317992;o;0.001126;0.007883;0.051397;0.087274;0.138673;0.082790;0.087333;0.317832;
0;32766;1000000;90910;11;0.360422;1;0.000000;0.000141;0.311805;o;0.001026;0.007894;0.052266;0.086399;0.138666;0.080275;0.083762;0.311652;
0;32766;1000000;83334;12;0.393189;1;0.000000;0.000137;0.307192;o;0.000897;0.007736;0.049938;0.083395;0.133334;0.080281;0.084767;0.307043;
0;32766;1000000;76924;13;0.425953;1;0.000000;0.000131;0.307522;o;0.000844;0.007811;0.050046;0.084878;0.134926;0.079911;0.083860;0.307379;
0;32766;1000000;71429;14;0.458721;1;0.000000;0.000121;0.306398;o;0.000792;0.007773;0.050386;0.084526;0.134914;0.079240;0.083517;0.306265;
0;32766;1000000;66667;15;0.491488;1;0.000000;0.000118;0.305840;o;0.000723;0.007735;0.049315;0.083639;0.132956;0.079612;0.084658;0.305710;
0;32766;1000000;62500;16;0.524256;1;0.000000;0.000107;0.304850;o;0.000674;0.007779;0.049496;0.082669;0.132166;0.079926;0.084159;0.304731;
0;32766;1000000;58824;17;0.557018;1;0.000000;0.000104;0.307510;o;0.000639;0.008504;0.050898;0.083576;0.134475;0.078947;0.084802;0.307395;
0;32766;1000000;55556;18;0.589783;1;0.000000;0.000098;0.310950;o;0.000598;0.007846;0.049132;0.085830;0.134964;0.081188;0.086215;0.310839;
0;32766;1000000;52632;19;0.622549;1;0.000000;0.000093;0.309386;o;0.000564;0.007858;0.049220;0.085385;0.134606;0.080789;0.085435;0.309280;
0;32766;1000000;50000;20;0.655320;1;0.000000;0.000092;0.308365;o;0.000523;0.007741;0.048541;0.084202;0.132744;0.080757;0.086468;0.308261;
0;32766;1000000;47620;21;0.688072;1;0.000000;0.000091;0.308107;o;0.000502;0.007789;0.049123;0.083385;0.132509;0.081131;0.086044;0.308004;
0;32766;1000000;45455;22;0.720845;1;0.000000;0.000084;0.309153;o;0.000479;0.007759;0.048390;0.085830;0.134222;0.080962;0.085607;0.309056;
0;32766;1000000;43479;23;0.753605;1;0.000000;0.000084;0.305499;o;0.000440;0.007665;0.048876;0.085050;0.133927;0.079089;0.084254;0.305403;
0;32766;1000000;41667;24;0.786378;1;0.000000;0.000085;0.310678;o;0.000427;0.007748;0.048303;0.086454;0.134759;0.081027;0.086592;0.310581;
0;32766;1000000;40000;25;0.819150;1;0.000000;0.000080;0.309909;o;0.000407;0.007712;0.048411;0.085523;0.133936;0.081798;0.085935;0.309817;
0;32766;1000000;38462;26;0.851906;1;0.000000;0.000076;0.303389;o;0.000401;0.007764;0.047939;0.084569;0.132510;0.079232;0.083364;0.303299;
0;32766;1000000;37038;27;0.884659;1;0.000000;0.000073;0.302056;o;0.000381;0.007813;0.048314;0.083114;0.131429;0.078863;0.083456;0.301970;
0;32766;1000000;35715;28;0.917430;1;0.000000;0.000072;0.310374;o;0.000377;0.007796;0.048000;0.087302;0.135303;0.080906;0.085875;0.310290;
0;32766;1000000;34483;29;0.950207;1;0.000000;0.000068;0.302139;o;0.000343;0.007768;0.048179;0.082699;0.130878;0.079292;0.083751;0.302059;
0;32766;1000000;33334;30;0.982960;1;0.000000;0.000068;0.301768;o;0.000339;0.007675;0.047867;0.083769;0.131637;0.078859;0.083150;0.301688;
0;32766;1000000;32259;31;1.015717;1;0.000000;0.000071;0.301863;o;0.000322;0.007664;0.048172;0.082273;0.130447;0.078845;0.084475;0.301780;
0;32766;1000000;31250;32;1.048512;1;0.000000;0.000062;0.301847;o;0.000319;0.007749;0.047695;0.084678;0.132374;0.079355;0.081947;0.301772;
0;32766;1000000;30304;33;1.081243;1;0.000000;0.000060;0.302741;o;0.000312;0.007736;0.047628;0.082355;0.129984;0.080908;0.083702;0.302669;
0;32766;1000000;29412;34;1.114035;1;0.000000;0.000064;0.305171;o;0.000304;0.007782;0.047425;0.083840;0.131266;0.081349;0.084366;0.305096;
0;32766;1000000;28572;35;1.146787;1;0.000000;0.000060;0.306128;o;0.000287;0.007708;0.047478;0.083954;0.131433;0.082119;0.084481;0.306056;
0;32766;1000000;27778;36;1.179567;1;0.000000;0.000058;0.308506;o;0.000289;0.007762;0.047213;0.084826;0.132040;0.082863;0.085453;0.308436;
0;32766;1000000;27028;37;1.212298;1;0.000000;0.000060;0.312970;o;0.000273;0.007763;0.047795;0.085188;0.132985;0.084630;0.087219;0.312898;
0;32766;1000000;26316;38;1.245098;1;0.000000;0.000058;0.314743;o;0.000267;0.007856;0.047495;0.089028;0.136524;0.085149;0.084847;0.314672;
0;32766;1000000;25642;39;1.277825;1;0.000000;0.000056;0.311651;o;0.000263;0.007880;0.047364;0.084616;0.131981;0.086135;0.085292;0.311582;
0;32766;1000000;25000;40;1.310640;1;0.000000;0.000061;0.307384;o;0.000250;0.007749;0.047523;0.083560;0.131085;0.083835;0.084362;0.307311;
0;32766;1000000;24391;41;1.343364;1;0.000000;0.000054;0.309016;o;0.000254;0.007825;0.047340;0.084739;0.132080;0.083547;0.085213;0.308949;
0;32766;1000000;23810;42;1.376144;1;0.000000;0.000058;0.313010;o;0.000242;0.008486;0.047204;0.084764;0.131969;0.085410;0.086806;0.312941;
0;32766;1000000;23256;43;1.408927;1;0.000000;0.000053;0.311019;o;0.000232;0.007939;0.047091;0.085226;0.132319;0.083526;0.086909;0.310954;
0;32766;1000000;22728;44;1.441658;1;0.000000;0.000048;0.308178;o;0.000229;0.007872;0.047083;0.085220;0.132304;0.083933;0.083749;0.308117;
0;32766;1000000;22223;45;1.474418;1;0.000000;0.000052;0.307861;o;0.000216;0.007630;0.046732;0.083680;0.130413;0.085197;0.084311;0.307797;
0;32766;1000000;21740;46;1.507176;1;0.000000;0.000050;0.309019;o;0.000213;0.007974;0.046457;0.084373;0.130832;0.085088;0.084821;0.308957;
0;32766;1000000;21277;47;1.539973;1;0.000000;0.000048;0.309999;o;0.000212;0.007792;0.046672;0.084735;0.131408;0.085057;0.085440;0.309938;
0;32766;1000000;20834;48;1.572718;1;0.000000;0.000051;0.306521;o;0.000208;0.007810;0.046570;0.083946;0.130517;0.084650;0.083244;0.306457;
0;32766;1000000;20409;49;1.605468;1;0.000000;0.000052;0.310808;o;0.000195;0.007643;0.046625;0.082939;0.129565;0.087410;0.085902;0.310744;
0;32766;1000000;20000;50;1.638300;1;0.000000;0.000047;0.311432;o;0.000204;0.007858;0.046659;0.084163;0.130823;0.086909;0.085551;0.311373;
0;32766;1000000;19608;51;1.671053;1;0.000000;0.000048;0.313237;o;0.000199;0.008491;0.046727;0.085026;0.131755;0.087302;0.085403;0.313178;
0;32766;1000000;19231;52;1.703812;1;0.000000;0.000048;0.310395;o;0.000199;0.007893;0.046484;0.084540;0.131026;0.087567;0.083622;0.310334;
0;32766;1000000;18868;53;1.736591;1;0.000000;0.000051;0.311439;o;0.000181;0.008461;0.046605;0.084389;0.130995;0.087120;0.084589;0.311375;
0;32766;1000000;18519;54;1.769318;1;0.000000;0.000047;0.310086;o;0.000181;0.007848;0.046242;0.083826;0.130068;0.087318;0.084584;0.310027;
0;32766;1000000;18182;55;1.802112;1;0.000000;0.000049;0.312177;o;0.000185;0.007846;0.046211;0.084781;0.130994;0.087557;0.085506;0.312117;
0;32766;1000000;17858;56;1.834808;1;0.000000;0.000047;0.311505;o;0.000173;0.007806;0.046310;0.084795;0.131107;0.087347;0.084984;0.311445;
0;32766;1000000;17544;57;1.867647;1;0.000000;0.000045;0.313120;o;0.000166;0.007782;0.046499;0.085275;0.131775;0.088273;0.085039;0.313063;
0;32766;1000000;17242;58;1.900360;1;0.000000;0.000044;0.313455;o;0.000172;0.007774;0.046195;0.084800;0.130997;0.089245;0.085184;0.313399;
0;32766;1000000;16950;59;1.933097;1;0.000000;0.000048;0.313226;o;0.000162;0.007782;0.046150;0.085131;0.131283;0.088910;0.084998;0.313165;
0;32766;1000000;16667;60;1.965921;1;0.000000;0.000044;0.313252;o;0.000163;0.007812;0.046408;0.084202;0.130612;0.087982;0.086598;0.313196;
0;32766;1000000;16394;61;1.998658;1;0.000000;0.000044;0.318295;o;0.000158;0.007750;0.046071;0.086258;0.132331;0.090239;0.087733;0.318239;
0;32766;1000000;16130;62;2.031370;1;0.000000;0.000047;0.312623;o;0.000155;0.007744;0.045943;0.084813;0.130757;0.088629;0.085249;0.312564;
0;32766;1000000;15874;63;2.064130;1;0.000000;0.000045;0.312999;o;0.000151;0.007758;0.046293;0.082882;0.129177;0.091044;0.084781;0.312941;
0;32766;1000000;15625;64;2.097024;1;0.000000;0.000042;0.315121;o;0.000152;0.007827;0.045947;0.085411;0.131359;0.091428;0.084271;0.315066;
0;32766;1000000;15385;65;2.129737;1;0.000000;0.000047;0.312313;o;0.000145;0.007714;0.046041;0.082702;0.128744;0.090988;0.084634;0.312254;
0;32766;1000000;15152;66;2.162487;1;0.000000;0.000041;0.318384;o;0.000142;0.007669;0.045779;0.086398;0.132178;0.093521;0.084793;0.318330;
0;32766;1000000;14926;67;2.195230;1;0.000000;0.000039;0.318091;o;0.000144;0.007850;0.045958;0.083167;0.129127;0.093880;0.087010;0.318039;
0;32766;1000000;14706;68;2.228070;1;0.000000;0.000047;0.318354;o;0.000148;0.007953;0.046076;0.084532;0.130610;0.096251;0.083302;0.318294;
0;32766;1000000;14493;69;2.260816;1;0.000000;0.000048;0.319645;o;0.000133;0.007739;0.045594;0.084361;0.129956;0.097965;0.083764;0.319584;
0;32766;1000000;14286;70;2.293574;1;0.000000;0.000043;0.317447;o;0.000132;0.007773;0.045915;0.082982;0.128899;0.097373;0.083189;0.317392;
0;32766;1000000;14085;71;2.326305;1;0.000000;0.000047;0.323269;o;0.000129;0.007690;0.045496;0.084305;0.129803;0.098565;0.086996;0.323210;
0;32766;1000000;13889;72;2.359133;1;0.000000;0.000043;0.320317;o;0.000133;0.007830;0.045378;0.083381;0.128760;0.098891;0.084617;0.320261;
0;32766;1000000;13699;73;2.391853;1;0.000000;0.000042;0.322840;o;0.000123;0.008376;0.045649;0.084874;0.130524;0.099193;0.084540;0.322786;
0;32766;1000000;13514;74;2.424597;1;0.000000;0.000045;0.322157;o;0.000121;0.007815;0.045660;0.083790;0.129452;0.100392;0.084293;0.322100;
0;32766;1000000;13334;75;2.457327;1;0.000000;0.000043;0.324453;o;0.000122;0.007855;0.045572;0.085366;0.130939;0.101739;0.083714;0.324398;
0;32766;1000000;13158;76;2.490196;1;0.000000;0.000042;0.326713;o;0.000121;0.007856;0.045781;0.084928;0.130710;0.102447;0.085495;0.326659;
0;32766;1000000;12988;77;2.522790;1;0.000000;0.000046;0.334664;o;0.000118;0.007855;0.045668;0.086489;0.132158;0.108174;0.086274;0.334606;
0;32766;1000000;12821;78;2.555651;1;0.000000;0.000043;0.331110;o;0.000115;0.007704;0.045673;0.085459;0.131133;0.106063;0.086011;0.331054;
0;32766;1000000;12659;79;2.588356;1;0.000000;0.000041;0.330208;o;0.000113;0.007585;0.045387;0.082611;0.127999;0.107678;0.086752;0.330155;
0;32766;1000000;12500;80;2.621280;1;0.000000;0.000045;0.331770;o;0.000114;0.007794;0.045571;0.084624;0.130196;0.107706;0.085873;0.331712;
0;32766;1000000;12346;81;2.653977;1;0.000000;0.000041;0.334887;o;0.000111;0.007737;0.045419;0.087089;0.132509;0.108762;0.085686;0.334833;
0;32766;1000000;12196;82;2.686619;1;0.000000;0.000042;0.328793;o;0.000113;0.007837;0.045541;0.085588;0.131130;0.107015;0.082614;0.328738;
0;32766;1000000;12049;83;2.719396;1;0.000000;0.000045;0.330812;o;0.000108;0.007736;0.045685;0.083756;0.129442;0.108230;0.085210;0.330755;
0;32766;1000000;11905;84;2.752289;1;0.000000;0.000042;0.331975;o;0.000120;0.007952;0.045603;0.083934;0.129538;0.109576;0.084703;0.331919;
0;32766;1000000;11765;85;2.785040;1;0.000000;0.000045;0.331141;o;0.000110;0.007738;0.045112;0.084634;0.129747;0.109726;0.083734;0.331084;
0;32766;1000000;11628;86;2.817853;1;0.000000;0.000046;0.329841;o;0.000107;0.007868;0.045396;0.083378;0.128775;0.108834;0.084170;0.329783;
0;32766;1000000;11495;87;2.850457;1;0.000000;0.000041;0.334329;o;0.000106;0.007613;0.045213;0.084383;0.129597;0.111209;0.085723;0.334275;
0;32766;1000000;11364;88;2.883316;1;0.000000;0.000041;0.339634;o;0.000104;0.007829;0.047669;0.083766;0.131436;0.113328;0.086853;0.339580;
0;32766;1000000;11236;89;2.916162;1;0.000000;0.000045;0.337406;o;0.000103;0.007751;0.045272;0.086025;0.131299;0.113214;0.084953;0.337349;
0;32766;1000000;11112;90;2.948704;1;0.000000;0.000040;0.335995;o;0.000103;0.007817;0.045458;0.083605;0.129064;0.112789;0.086141;0.335942;
0;32766;1000000;10990;91;2.981438;1;0.000000;0.000040;0.338462;o;0.000101;0.008516;0.045292;0.085070;0.130363;0.114493;0.084909;0.338410;
0;32766;1000000;10870;92;3.014351;1;0.000000;0.000042;0.337403;o;0.000097;0.007841;0.045128;0.083679;0.128809;0.114559;0.086012;0.337347;
0;32766;1000000;10753;93;3.047150;1;0.000000;0.000041;0.341134;o;0.000099;0.007751;0.045437;0.084526;0.129965;0.116529;0.086708;0.341080;
0;32766;1000000;10639;94;3.079801;1;0.000000;0.000039;0.340187;o;0.000097;0.007869;0.045110;0.084978;0.130089;0.117004;0.085047;0.340134;
0;32766;1000000;10527;95;3.112568;1;0.000000;0.000043;0.339828;o;0.000096;0.007819;0.044735;0.085126;0.129862;0.117205;0.084763;0.339773;
0;32766;1000000;10417;96;3.145435;1;0.000000;0.000040;0.342299;o;0.000095;0.008555;0.045798;0.083994;0.129793;0.119061;0.084715;0.342247;
0;32766;1000000;10310;97;3.178080;1;0.000000;0.000043;0.345155;o;0.000093;0.007835;0.045178;0.085488;0.130668;0.120442;0.086034;0.345100;
0;32766;1000000;10205;98;3.210779;1;0.000000;0.000040;0.343501;o;0.000091;0.007812;0.044890;0.084813;0.129704;0.120421;0.085391;0.343448;
0;32766;1000000;10102;99;3.243516;1;0.000000;0.000040;0.345513;o;0.000092;0.007796;0.044755;0.085292;0.130049;0.121448;0.086048;0.345460;
0;32766;1000000;1000000;1;0.032766;1;0.000000;0.000196;0.343521;o;0.007128;0.007252;0.051824;0.094256;0.146081;0.088866;0.093955;0.343312;
0;32766;1000000;500000;2;0.065532;1;0.000000;0.000196;0.329897;o;0.003556;0.007486;0.051763;0.090912;0.142676;0.084984;0.090957;0.329689;
0;32766;1000000;333334;3;0.098298;1;0.000000;0.000284;0.321120;o;0.002600;0.007777;0.050735;0.087798;0.138533;0.083461;0.088422;0.320823;
0;32766;1000000;250000;4;0.131064;1;0.000000;0.000220;0.315449;o;0.002460;0.007011;0.051737;0.086594;0.138333;0.081154;0.086230;0.315217;
0;32766;1000000;200000;5;0.163830;1;0.000000;0.000285;0.314368;o;0.002104;0.007698;0.052993;0.085251;0.138245;0.080382;0.085614;0.314071;
0;32766;1000000;166667;6;0.196596;1;0.000000;0.000242;0.309705;o;0.001523;0.007655;0.051190;0.084838;0.136029;0.079167;0.085049;0.309451;
0;32766;1000000;142858;7;0.229361;1;0.000000;0.000232;0.311206;o;0.001417;0.007244;0.052190;0.085453;0.137645;0.079411;0.085217;0.310962;
0;32766;1000000;125000;8;0.262128;1;0.000000;0.000183;0.315802;o;0.001410;0.007926;0.053095;0.085990;0.139086;0.080939;0.086217;0.315606;
0;32766;1000000;111112;9;0.294892;1;0.000000;0.000165;0.314057;o;0.001202;0.007903;0.052023;0.086724;0.138748;0.081075;0.084924;0.313881;
0;32766;1000000;100000;10;0.327660;1;0.000000;0.000159;0.309275;o;0.001125;0.007889;0.051855;0.084612;0.136468;0.079559;0.084033;0.309103;
0;32766;1000000;90910;11;0.360422;1;0.000000;0.000150;0.305730;o;0.001007;0.007781;0.050228;0.083779;0.134008;0.078790;0.083955;0.305568;
0;32766;1000000;83334;12;0.393189;1;0.000000;0.000139;0.305717;o;0.000919;0.007870;0.049980;0.082244;0.132226;0.079665;0.084860;0.305567;
0;32766;1000000;76924;13;0.425953;1;0.000000;0.000130;0.309130;o;0.000862;0.007830;0.049997;0.085732;0.135730;0.079887;0.084651;0.308988;
0;32766;1000000;71429;14;0.458721;1;0.000000;0.000122;0.315609;o;0.000786;0.007813;0.050065;0.086554;0.136621;0.082347;0.087879;0.315475;
0;32766;1000000;66667;15;0.491488;1;0.000000;0.000116;0.310882;o;0.000731;0.007806;0.050122;0.085409;0.135532;0.081011;0.085644;0.310753;
0;32766;1000000;62500;16;0.524256;1;0.000000;0.000109;0.308734;o;0.000676;0.007818;0.049743;0.084491;0.134235;0.079071;0.086785;0.308613;
0;32766;1000000;58824;17;0.557018;1;0.000000;0.000108;0.309193;o;0.000632;0.007826;0.049678;0.084428;0.134107;0.081026;0.085453;0.309073;
0;32766;1000000;55556;18;0.589783;1;0.000000;0.000098;0.310326;o;0.000597;0.007815;0.049064;0.086092;0.135158;0.081688;0.084929;0.310216;
0;32766;1000000;52632;19;0.622549;1;0.000000;0.000093;0.309899;o;0.000544;0.007694;0.049208;0.083967;0.133176;0.081789;0.086561;0.309794;
0;32766;1000000;50000;20;0.655320;1;0.000000;0.000093;0.310193;o;0.000524;0.007733;0.048683;0.084380;0.133065;0.082346;0.086390;0.310087;
0;32766;1000000;47620;21;0.688072;1;0.000000;0.000087;0.308139;o;0.000511;0.008051;0.048850;0.084732;0.133583;0.080625;0.085240;0.308039;
0;32766;1000000;45455;22;0.720845;1;0.000000;0.000091;0.309634;o;0.000478;0.007802;0.048788;0.084532;0.133321;0.081633;0.086267;0.309530;
0;32766;1000000;43479;23;0.753605;1;0.000000;0.000087;0.310930;o;0.000448;0.007780;0.048666;0.085847;0.134514;0.081685;0.086374;0.310830;
0;32766;1000000;41667;24;0.786378;1;0.000000;0.000084;0.311612;o;0.000432;0.007760;0.048937;0.085238;0.134176;0.082452;0.086665;0.311515;
0;32766;1000000;40000;25;0.819150;1;0.000000;0.000079;0.310451;o;0.000723;0.007737;0.048099;0.086075;0.134175;0.081520;0.086169;0.310354;
0;32766;1000000;38462;26;0.851906;1;0.000000;0.000077;0.309164;o;0.000404;0.007819;0.049005;0.085052;0.134059;0.080682;0.086080;0.309073;
0;32766;1000000;37038;27;0.884659;1;0.000000;0.000070;0.309757;o;0.000382;0.008528;0.048281;0.084570;0.132853;0.081496;0.086385;0.309674;
0;32766;1000000;35715;28;0.917430;1;0.000000;0.000071;0.311777;o;0.000374;0.007863;0.049708;0.085176;0.134886;0.081562;0.086979;0.311693;
0;32766;1000000;34483;29;0.950207;1;0.000000;0.000070;0.306624;o;0.000349;0.007679;0.047946;0.084363;0.132310;0.080817;0.085357;0.306541;
0;32766;1000000;33334;30;0.982960;1;0.000000;0.000065;0.307903;o;0.000335;0.007865;0.047610;0.083338;0.130949;0.081772;0.086875;0.307825;
0;32766;1000000;32259;31;1.015717;1;0.000000;0.000064;0.310999;o;0.000334;0.007652;0.048048;0.085807;0.133857;0.082622;0.086429;0.310922;
0;32766;1000000;31250;32;1.048512;1;0.000000;0.000068;0.310068;o;0.000326;0.007714;0.049125;0.084116;0.133242;0.080535;0.088141;0.309987;
0;32766;1000000;30304;33;1.081243;1;0.000000;0.000064;0.308450;o;0.000309;0.007800;0.047873;0.084025;0.131900;0.081969;0.086367;0.308373;
0;32766;1000000;29412;34;1.114035;1;0.000000;0.000061;0.309364;o;0.000307;0.007870;0.047698;0.085535;0.133235;0.082674;0.085175;0.309290;
0;32766;1000000;28572;35;1.146787;1;0.000000;0.000067;0.306395;o;0.000291;0.007787;0.047653;0.084323;0.131977;0.081295;0.084938;0.306316;
0;32766;1000000;27778;36;1.179567;1;0.000000;0.000062;0.307137;o;0.000279;0.007817;0.047302;0.084575;0.131878;0.082306;0.084756;0.307064;
0;32766;1000000;27028;37;1.212298;1;0.000000;0.000058;0.308836;o;0.000277;0.008427;0.048744;0.084983;0.133728;0.082691;0.083615;0.308766;
0;32766;1000000;26316;38;1.245098;1;0.000000;0.000057;0.306232;o;0.000264;0.007848;0.047334;0.084407;0.131742;0.083138;0.083143;0.306163;
0;32766;1000000;25642;39;1.277825;1;0.000000;0.000059;0.309516;o;0.000265;0.007652;0.047542;0.084601;0.132144;0.083909;0.085448;0.309445;
0;32766;1000000;25000;40;1.310640;1;0.000000;0.000054;0.310283;o;0.000255;0.007726;0.047096;0.085814;0.132911;0.084655;0.084642;0.310217;
0;32766;1000000;24391;41;1.343364;1;0.000000;0.000054;0.309661;o;0.000245;0.007926;0.046869;0.084664;0.131534;0.084196;0.085664;0.309595;
0;32766;1000000;23810;42;1.376144;1;0.000000;0.000061;0.316672;o;0.000242;0.007776;0.047319;0.087642;0.134963;0.087545;0.086041;0.316597;
0;32766;1000000;23256;43;1.408927;1;0.000000;0.000054;0.315057;o;0.000235;0.007757;0.047996;0.084896;0.132893;0.087565;0.086513;0.314991;
0;32766;1000000;22728;44;1.441658;1;0.000000;0.000054;0.313932;o;0.000227;0.007710;0.047006;0.086076;0.133083;0.086799;0.086015;0.313864;
0;32766;1000000;22223;45;1.474418;1;0.000000;0.000057;0.313845;o;0.000220;0.007677;0.046641;0.085682;0.132324;0.087179;0.086347;0.313776;
0;32766;1000000;21740;46;1.507176;1;0.000000;0.000054;0.315863;o;0.000214;0.007633;0.047188;0.086100;0.133289;0.088407;0.086226;0.315797;
0;32766;1000000;21277;47;1.539973;1;0.000000;0.000052;0.311673;o;0.000211;0.007824;0.046638;0.085389;0.132028;0.086373;0.085145;0.311609;
0;32766;1000000;20834;48;1.572718;1;0.000000;0.000051;0.310914;o;0.000213;0.008542;0.046761;0.084484;0.131247;0.086422;0.084399;0.310851;
0;32766;1000000;20409;49;1.605468;1;0.000000;0.000054;0.307441;o;0.000198;0.007869;0.046766;0.083884;0.130651;0.085815;0.082813;0.307375;
0;32766;1000000;20000;50;1.638300;1;0.000000;0.000054;0.307889;o;0.000192;0.007633;0.046581;0.082759;0.129342;0.085071;0.085551;0.307817;
0;32766;1000000;19608;51;1.671053;1;0.000000;0.000057;0.309887;o;0.000190;0.007718;0.046740;0.083687;0.130429;0.086461;0.084991;0.309817;
0;32766;1000000;19231;52;1.703812;1;0.000000;0.000050;0.310842;o;0.000193;0.007865;0.046401;0.084537;0.130939;0.086982;0.084772;0.310780;
0;32766;1000000;18868;53;1.736591;1;0.000000;0.000053;0.312169;o;0.000183;0.007853;0.046715;0.084762;0.131478;0.086919;0.085644;0.312104;
0;32766;1000000;18519;54;1.769318;1;0.000000;0.000056;0.309993;o;0.000184;0.007680;0.046343;0.084575;0.130918;0.087253;0.083860;0.309925;
0;32766;1000000;18182;55;1.802112;1;0.000000;0.000047;0.312349;o;0.000180;0.008111;0.046190;0.085296;0.131487;0.087031;0.085453;0.312290;
0;32766;1000000;17858;56;1.834808;1;0.000000;0.000045;0.310533;o;0.000173;0.007780;0.046281;0.084614;0.130896;0.087466;0.084133;0.310476;
0;32766;1000000;17544;57;1.867647;1;0.000000;0.000050;0.309632;o;0.000166;0.007660;0.046171;0.083278;0.129450;0.087215;0.085051;0.309570;
0;32766;1000000;17242;58;1.900360;1;0.000000;0.000043;0.313915;o;0.000165;0.007789;0.046437;0.085767;0.132206;0.088434;0.085238;0.313859;
0;32766;1000000;16950;59;1.933097;1;0.000000;0.000046;0.309648;o;0.000168;0.007775;0.046140;0.083599;0.129740;0.086886;0.084992;0.309590;
0;32766;1000000;16667;60;1.965921;1;0.000000;0.000049;0.316751;o;0.000162;0.007832;0.047016;0.087036;0.134053;0.087824;0.086789;0.316689;
0;32766;1000000;16394;61;1.998658;1;0.000000;0.000046;0.314765;o;0.000159;0.007819;0.046119;0.086881;0.133001;0.089366;0.084332;0.314707;
0;32766;1000000;16130;62;2.031370;1;0.000000;0.000043;0.314439;o;0.000152;0.007742;0.046620;0.084748;0.131370;0.088605;0.086485;0.314383;
0;32766;1000000;15874;63;2.064130;1;0.000000;0.000050;0.316133;o;0.000152;0.007847;0.046335;0.085506;0.131841;0.090729;0.085472;0.316071;
0;32766;1000000;15625;64;2.097024;1;0.000000;0.000046;0.309684;o;0.000148;0.007905;0.045829;0.081187;0.127018;0.091017;0.083506;0.309626;
0;32766;1000000;15385;65;2.129737;1;0.000000;0.000040;0.312823;o;0.000144;0.008646;0.044886;0.082720;0.127608;0.091970;0.084375;0.312771;
0;32766;1000000;15152;66;2.162487;1;0.000000;0.000044;0.314095;o;0.000141;0.007743;0.044913;0.082249;0.127163;0.093537;0.085427;0.314038;
0;32766;1000000;14926;67;2.195230;1;0.000000;0.000045;0.321448;o;0.000138;0.007781;0.045675;0.085978;0.131655;0.095457;0.086329;0.321390;
0;32766;1000000;14706;68;2.228070;1;0.000000;0.000043;0.323597;o;0.000134;0.007751;0.045894;0.085941;0.131836;0.097208;0.086583;0.323541;
0;32766;1000000;14493;69;2.260816;1;0.000000;0.000045;0.323979;o;0.000135;0.007770;0.045947;0.085338;0.131287;0.098790;0.085910;0.323922;
0;32766;1000000;14286;70;2.293574;1;0.000000;0.000047;0.325317;o;0.000131;0.007696;0.045537;0.085917;0.131456;0.100034;0.085913;0.325258;
0;32766;1000000;14085;71;2.326305;1;0.000000;0.000044;0.330157;o;0.000131;0.007786;0.045976;0.086369;0.132347;0.102688;0.087120;0.330100;
0;32766;1000000;13889;72;2.359133;1;0.000000;0.000044;0.325109;o;0.000131;0.008486;0.045613;0.085090;0.130704;0.101097;0.084606;0.325053;
0;32766;1000000;13699;73;2.391853;1;0.000000;0.000046;0.321478;o;0.000126;0.007827;0.045423;0.084392;0.129816;0.100501;0.083121;0.321419;
0;32766;1000000;13514;74;2.424597;1;0.000000;0.000043;0.324788;o;0.000134;0.008528;0.046161;0.083988;0.130151;0.100966;0.084923;0.324732;
0;32766;1000000;13334;75;2.457327;1;0.000000;0.000044;0.329182;o;0.000126;0.007905;0.045457;0.085406;0.130864;0.103748;0.086452;0.329125;
0;32766;1000000;13158;76;2.490196;1;0.000000;0.000045;0.330072;o;0.000120;0.007724;0.045599;0.086226;0.131827;0.104788;0.085526;0.330013;
0;32766;1000000;12988;77;2.522790;1;0.000000;0.000048;0.328679;o;0.000116;0.007729;0.047734;0.084240;0.131975;0.103877;0.084892;0.328617;
0;32766;1000000;12821;78;2.555651;1;0.000000;0.000043;0.327747;o;0.000117;0.007859;0.045826;0.085110;0.130938;0.103449;0.085302;0.327691;
0;32766;1000000;12659;79;2.588356;1;0.000000;0.000046;0.325395;o;0.000115;0.007834;0.045719;0.084620;0.130340;0.104264;0.082755;0.325336;
0;32766;1000000;12500;80;2.621280;1;0.000000;0.000042;0.325676;o;0.000113;0.007927;0.045413;0.082652;0.128067;0.104464;0.085024;0.325622;
0;32766;1000000;12346;81;2.653977;1;0.000000;0.000041;0.337487;o;0.000113;0.007712;0.045658;0.087946;0.133605;0.108886;0.087088;0.337433;
0;32766;1000000;12196;82;2.686619;1;0.000000;0.000044;0.337660;o;0.000111;0.007706;0.045612;0.087490;0.133104;0.109993;0.086660;0.337603;
0;32766;1000000;12049;83;2.719396;1;0.000000;0.000043;0.324672;o;0.000111;0.007805;0.045357;0.082220;0.127578;0.105637;0.083459;0.324617;
0;32766;1000000;11905;84;2.752289;1;0.000000;0.000045;0.334683;o;0.000105;0.007779;0.045528;0.083729;0.129258;0.109177;0.088278;0.334626;
0;32766;1000000;11765;85;2.785040;1;0.000000;0.000045;0.332697;o;0.000112;0.007911;0.045873;0.084218;0.130093;0.109794;0.084701;0.332639;
0;32766;1000000;11628;86;2.817853;1;0.000000;0.000040;0.333246;o;0.000107;0.007759;0.045406;0.083242;0.128649;0.109620;0.087028;0.333193;
0;32766;1000000;11495;87;2.850457;1;0.000000;0.000041;0.332086;o;0.000108;0.007867;0.045595;0.084003;0.129599;0.109421;0.085008;0.332032;
0;32766;1000000;11364;88;2.883316;1;0.000000;0.000047;0.333451;o;0.000103;0.007717;0.045574;0.083790;0.129365;0.111739;0.084439;0.333391;
0;32766;1000000;11236;89;2.916162;1;0.000000;0.000042;0.333610;o;0.000131;0.008167;0.045129;0.083943;0.129073;0.111438;0.084714;0.333554;
0;32766;1000000;11112;90;2.948704;1;0.000000;0.000039;0.336149;o;0.000104;0.007868;0.045474;0.085509;0.130985;0.111668;0.085442;0.336097;
0;32766;1000000;10990;91;2.981438;1;0.000000;0.000049;0.336896;o;0.000098;0.007704;0.045202;0.084670;0.129873;0.113556;0.085577;0.336836;
0;32766;1000000;10870;92;3.014351;1;0.000000;0.000040;0.334002;o;0.000097;0.007755;0.045337;0.083339;0.128677;0.112855;0.084537;0.333950;
0;32766;1000000;10753;93;3.047150;1;0.000000;0.000040;0.333296;o;0.000097;0.007910;0.044943;0.083140;0.128085;0.113045;0.084078;0.333244;
0;32766;1000000;10639;94;3.079801;1;0.000000;0.000043;0.336408;o;0.000098;0.007832;0.045466;0.082954;0.128422;0.115725;0.084246;0.336353;
0;32766;1000000;10527;95;3.112568;1;0.000000;0.000042;0.342285;o;0.000096;0.008495;0.045117;0.084961;0.130080;0.117873;0.085659;0.342232;
0;32766;1000000;10417;96;3.145435;1;0.000000;0.000040;0.339709;o;0.000097;0.007918;0.045255;0.084746;0.130002;0.117637;0.083972;0.339656;
0;32766;1000000;10310;97;3.178080;1;0.000000;0.000040;0.344919;o;0.000094;0.007721;0.044986;0.084407;0.129394;0.121375;0.086254;0.344868;
0;32766;1000000;10205;98;3.210779;1;0.000000;0.000039;0.348972;o;0.000096;0.007921;0.045139;0.085643;0.130783;0.122684;0.087408;0.348921;
0;32766;1000000;10102;99;3.243516;1;0.000000;0.000043;0.347069;o;0.000091;0.007695;0.044994;0.083744;0.128739;0.123563;0.086896;0.347013;
0;32766;1000000;1000000;1;0.032766;1;0.000000;0.000320;0.346742;o;0.007355;0.007741;0.051816;0.095674;0.147491;0.089893;0.093899;0.346409;
0;32766;1000000;500000;2;0.065532;1;0.000000;0.000214;0.330580;o;0.003866;0.007191;0.051352;0.091028;0.142381;0.085983;0.090900;0.330353;
0;32766;1000000;333334;3;0.098298;1;0.000000;0.000292;0.329079;o;0.002901;0.007647;0.052236;0.090081;0.142319;0.086032;0.089847;0.328774;
0;32766;1000000;250000;4;0.131064;1;0.000000;0.000229;0.315761;o;0.002510;0.007881;0.050833;0.086668;0.137502;0.081160;0.086439;0.315520;
0;32766;1000000;200000;5;0.163830;1;0.000000;0.000278;0.318262;o;0.001959;0.007670;0.052874;0.086433;0.139308;0.081819;0.087186;0.317972;
0;32766;1000000;166667;6;0.196596;1;0.000000;0.000241;0.318363;o;0.001447;0.007728;0.051233;0.087056;0.138290;0.082398;0.088219;0.318109;
0;32766;1000000;142858;7;0.229361;1;0.000000;0.000205;0.317894;o;0.001141;0.007663;0.050752;0.087010;0.137764;0.083238;0.087842;0.317676;
0;32766;1000000;125000;8;0.262128;1;0.000000;0.000177;0.319709;o;0.001376;0.007927;0.052369;0.086824;0.139195;0.083376;0.087617;0.319519;
0;32766;1000000;111112;9;0.294892;1;0.000000;0.000169;0.312460;o;0.001230;0.007817;0.051753;0.085983;0.137738;0.080158;0.085306;0.312278;
0;32766;1000000;100000;10;0.327660;1;0.000000;0.000157;0.307595;o;0.001119;0.008545;0.050632;0.084225;0.134858;0.079932;0.082943;0.307427;
0;32766;1000000;90910;11;0.360422;1;0.000000;0.000147;0.308825;o;0.001002;0.007854;0.050765;0.085286;0.136053;0.080032;0.083698;0.308666;
0;32766;1000000;83334;12;0.393189;1;0.000000;0.000137;0.306027;o;0.000928;0.007837;0.050518;0.083749;0.134268;0.078752;0.084066;0.305878;
0;32766;1000000;76924;13;0.425953;1;0.000000;0.000127;0.310203;o;0.000857;0.007861;0.049600;0.085144;0.134745;0.080790;0.085785;0.310065;
0;32766;1000000;71429;14;0.458721;1;0.000000;0.000123;0.312049;o;0.000787;0.008481;0.050086;0.085456;0.135543;0.080669;0.086405;0.311913;
0;32766;1000000;66667;15;0.491488;1;0.000000;0.000113;0.315952;o;0.000727;0.007813;0.049375;0.087916;0.137293;0.083890;0.086076;0.315827;
0;32766;1000000;62500;16;0.524256;1;0.000000;0.000111;0.317114;o;0.000677;0.007786;0.049760;0.087786;0.137547;0.083293;0.087659;0.316991;
0;32766;1000000;58824;17;0.557018;1;0.000000;0.000104;0.313924;o;0.000651;0.007906;0.049817;0.086523;0.136341;0.081767;0.087113;0.313807;
0;32766;1000000;55556;18;0.589783;1;0.000000;0.000099;0.309527;o;0.000598;0.007821;0.048882;0.086635;0.135518;0.081872;0.083578;0.309415;
0;32766;1000000;52632;19;0.622549;1;0.000000;0.000099;0.313920;o;0.000565;0.007786;0.049391;0.087220;0.136612;0.082031;0.086785;0.313808;
0;32766;1000000;50000;20;0.655320;1;0.000000;0.000090;0.309267;o;0.000537;0.007892;0.049060;0.084333;0.133394;0.082764;0.084547;0.309164;
0;32766;1000000;47620;21;0.688072;1;0.000000;0.000088;0.313010;o;0.000504;0.007890;0.048993;0.085867;0.134861;0.082187;0.087440;0.312910;
0;32766;1000000;45455;22;0.720845;1;0.000000;0.000085;0.311828;o;0.000471;0.007754;0.048579;0.086513;0.135093;0.081646;0.086736;0.311730;
0;32766;1000000;43479;23;0.753605;1;0.000000;0.000082;0.312539;o;0.000453;0.007763;0.048627;0.085681;0.134309;0.082507;0.087385;0.312445;
0;32766;1000000;41667;24;0.786378;1;0.000000;0.000082;0.312244;o;0.000433;0.007732;0.048745;0.086823;0.135570;0.081810;0.086577;0.312150;
0;32766;1000000;40000;25;0.819150;1;0.000000;0.000079;0.308394;o;0.000432;0.007875;0.048570;0.086043;0.134614;0.079182;0.086169;0.308301;
0;32766;1000000;38462;26;0.851906;1;0.000000;0.000074;0.309690;o;0.000400;0.007746;0.048461;0.084677;0.133139;0.081592;0.086696;0.309602;
0;32766;1000000;37038;27;0.884659;1;0.000000;0.000072;0.311739;o;0.000380;0.007767;0.048111;0.085879;0.133991;0.082622;0.086867;0.311654;
0;32766;1000000;35715;28;0.917430;1;0.000000;0.000072;0.311510;o;0.000373;0.007804;0.048217;0.086040;0.134259;0.083095;0.085866;0.311425;
0;32766;1000000;34483;29;0.950207;1;0.000000;0.000070;0.304794;o;0.000354;0.007830;0.047948;0.084352;0.132301;0.080086;0.084111;0.304712;
0;32766;1000000;33334;30;0.982960;1;0.000000;0.000066;0.304645;o;0.000347;0.007997;0.047744;0.084875;0.132620;0.078528;0.085047;0.304567;
0;32766;1000000;32259;31;1.015717;1;0.000000;0.000073;0.305095;o;0.000331;0.007843;0.047879;0.083772;0.131653;0.080979;0.084173;0.305008;
0;32766;1000000;31250;32;1.048512;1;0.000000;0.000061;0.302990;o;0.000310;0.007717;0.047791;0.083027;0.130819;0.079786;0.084258;0.302918;
0;32766;1000000;30304;33;1.081243;1;0.000000;0.000056;0.302772;o;0.000307;0.007647;0.047675;0.083884;0.131561;0.080725;0.082438;0.302703;
0;32766;1000000;29412;34;1.114035;1;0.000000;0.000061;0.305954;o;0.000290;0.007632;0.047895;0.081330;0.129226;0.081994;0.086713;0.305881;
0;32766;1000000;28572;35;1.146787;1;0.000000;0.000058;0.317543;o;0.000292;0.007734;0.047575;0.086351;0.133928;0.087237;0.088252;0.317473;
0;32766;1000000;27778;36;1.179567;1;0.000000;0.000057;0.312570;o;0.000278;0.007752;0.047081;0.086615;0.133698;0.084232;0.086513;0.312502;
0;32766;1000000;27028;37;1.212298;1;0.000000;0.000062;0.311320;o;0.000281;0.007779;0.047649;0.084772;0.132423;0.083949;0.086784;0.311245;
0;32766;1000000;26316;38;1.245098;1;0.000000;0.000059;0.313600;o;0.000276;0.007821;0.047463;0.085534;0.132999;0.087109;0.085293;0.313528;
0;32766;1000000;25642;39;1.277825;1;0.000000;0.000056;0.311681;o;0.000258;0.007630;0.047641;0.085086;0.132729;0.084867;0.086100;0.311612;
0;32766;1000000;25000;40;1.310640;1;0.000000;0.000056;0.310096;o;0.000249;0.007734;0.047067;0.085019;0.132087;0.085772;0.084157;0.310028;
0;32766;1000000;24391;41;1.343364;1;0.000000;0.000058;0.311712;o;0.000248;0.007767;0.046903;0.084756;0.131660;0.084879;0.087056;0.311640;
0;32766;1000000;23810;42;1.376144;1;0.000000;0.000054;0.314231;o;0.000240;0.007776;0.047167;0.086028;0.133197;0.086293;0.086630;0.314165;
0;32766;1000000;23256;43;1.408927;1;0.000000;0.000051;0.310574;o;0.000234;0.007667;0.046902;0.084722;0.131625;0.086029;0.084925;0.310510;
0;32766;1000000;22728;44;1.441658;1;0.000000;0.000056;0.315739;o;0.000230;0.007789;0.047155;0.086247;0.133404;0.086970;0.087248;0.315671;
0;32766;1000000;22223;45;1.474418;1;0.000000;0.000053;0.314424;o;0.000219;0.007708;0.046566;0.086197;0.132765;0.086610;0.087029;0.314358;
0;32766;1000000;21740;46;1.507176;1;0.000000;0.000048;0.311645;o;0.000219;0.008105;0.046792;0.084839;0.131632;0.086486;0.085115;0.311584;
0;32766;1000000;21277;47;1.539973;1;0.000000;0.000052;0.312187;o;0.000209;0.007669;0.046516;0.085478;0.131996;0.086108;0.086110;0.312122;
0;32766;1000000;20834;48;1.572718;1;0.000000;0.000051;0.313370;o;0.000206;0.007823;0.046632;0.085353;0.131987;0.086576;0.086683;0.313306;
0;32766;1000000;20409;49;1.605468;1;0.000000;0.000049;0.314226;o;0.000201;0.007734;0.046722;0.085364;0.132087;0.089406;0.084707;0.314164;
0;32766;1000000;20000;50;1.638300;1;0.000000;0.000054;0.305231;o;0.000193;0.007662;0.046541;0.082583;0.129126;0.084645;0.083512;0.305165;
0;32766;1000000;19608;51;1.671053;1;0.000000;0.000047;0.311572;o;0.000189;0.007676;0.046583;0.083882;0.130466;0.086944;0.086208;0.311512;
0;32766;1000000;19231;52;1.703812;1;0.000000;0.000046;0.312929;o;0.000189;0.008457;0.046362;0.084674;0.131038;0.088298;0.084862;0.312872;
0;32766;1000000;18868;53;1.736591;1;0.000000;0.000050;0.313254;o;0.000182;0.008112;0.046123;0.083880;0.130005;0.090550;0.084312;0.313190;
0;32766;1000000;18519;54;1.769318;1;0.000000;0.000049;0.306990;o;0.000178;0.007771;0.046167;0.083335;0.129503;0.086043;0.083406;0.306928;
0;32766;1000000;18182;55;1.802112;1;0.000000;0.000045;0.305885;o;0.000175;0.007793;0.046209;0.082606;0.128816;0.085384;0.083630;0.305827;
0;32766;1000000;17858;56;1.834808;1;0.000000;0.000047;0.305235;o;0.000169;0.007684;0.046527;0.082140;0.128668;0.085476;0.083149;0.305175;
0;32766;1000000;17544;57;1.867647;1;0.000000;0.000048;0.307940;o;0.000166;0.008391;0.046057;0.083295;0.129353;0.085987;0.083954;0.307879;
0;32766;1000000;17242;58;1.900360;1;0.000000;0.000047;0.304764;o;0.000165;0.007807;0.046185;0.082725;0.128912;0.084725;0.083070;0.304705;
0;32766;1000000;16950;59;1.933097;1;0.000000;0.000051;0.307954;o;0.000159;0.007686;0.045919;0.083481;0.129402;0.086812;0.083803;0.307890;
0;32766;1000000;16667;60;1.965921;1;0.000000;0.000045;0.315422;o;0.000161;0.007714;0.046193;0.085179;0.131374;0.088151;0.087937;0.315366;
0;32766;1000000;16394;61;1.998658;1;0.000000;0.000044;0.310000;o;0.000158;0.007796;0.045907;0.080353;0.126261;0.089271;0.086430;0.309944;
0;32766;1000000;16130;62;2.031370;1;0.000000;0.000047;0.319691;o;0.000161;0.007789;0.046147;0.086021;0.132170;0.092759;0.086725;0.319632;
0;32766;1000000;15874;63;2.064130;1;0.000000;0.000047;0.315220;o;0.000150;0.007813;0.045728;0.084626;0.130358;0.091090;0.085720;0.315159;
0;32766;1000000;15625;64;2.097024;1;0.000000;0.000044;0.312841;o;0.000147;0.007667;0.045938;0.084856;0.130795;0.090118;0.084030;0.312784;
0;32766;1000000;15385;65;2.129737;1;0.000000;0.000049;0.313437;o;0.000144;0.007806;0.046169;0.083310;0.129480;0.091624;0.084292;0.313375;
0;32766;1000000;15152;66;2.162487;1;0.000000;0.000046;0.316233;o;0.000142;0.007729;0.045895;0.084300;0.130196;0.094093;0.083986;0.316174;
0;32766;1000000;14926;67;2.195230;1;0.000000;0.000047;0.320558;o;0.000145;0.007659;0.045917;0.084121;0.130039;0.096382;0.086244;0.320499;
0;32766;1000000;14706;68;2.228070;1;0.000000;0.000043;0.321483;o;0.000141;0.007713;0.045747;0.085216;0.130964;0.096848;0.085733;0.321427;
0;32766;1000000;14493;69;2.260816;1;0.000000;0.000044;0.319935;o;0.000135;0.007720;0.045735;0.084214;0.129950;0.097831;0.084213;0.319877;
0;32766;1000000;14286;70;2.293574;1;0.000000;0.000044;0.323453;o;0.000134;0.007767;0.045951;0.086021;0.131973;0.098634;0.084860;0.323396;
0;32766;1000000;14085;71;2.326305;1;0.000000;0.000043;0.322437;o;0.000130;0.007579;0.045630;0.084412;0.130043;0.099462;0.085139;0.322382;
0;32766;1000000;13889;72;2.359133;1;0.000000;0.000043;0.318854;o;0.000130;0.007791;0.045636;0.083389;0.129026;0.097312;0.084511;0.318798;
0;32766;1000000;13699;73;2.391853;1;0.000000;0.000044;0.321362;o;0.000129;0.007809;0.046030;0.083348;0.129379;0.099338;0.084622;0.321305;
0;32766;1000000;13514;74;2.424597;1;0.000000;0.000043;0.325641;o;0.000122;0.007745;0.045644;0.084160;0.129805;0.101663;0.086224;0.325586;
0;32766;1000000;13334;75;2.457327;1;0.000000;0.000045;0.325567;o;0.000123;0.007856;0.045497;0.084809;0.130307;0.102131;0.085063;0.325509;
0;32766;1000000;13158;76;2.490196;1;0.000000;0.000043;0.325057;o;0.000119;0.007864;0.045901;0.085126;0.131028;0.102025;0.083937;0.325002;
0;32766;1000000;12988;77;2.522790;1;0.000000;0.000043;0.326059;o;0.000118;0.007752;0.045614;0.084476;0.130091;0.103918;0.084096;0.326004;
0;32766;1000000;12821;78;2.555651;1;0.000000;0.000044;0.325749;o;0.000115;0.007623;0.045415;0.083075;0.128491;0.104459;0.084978;0.325693;
0;32766;1000000;12659;79;2.588356;1;0.000000;0.000043;0.328611;o;0.000114;0.007834;0.046020;0.084040;0.130062;0.105854;0.084657;0.328555;
0;32766;1000000;12500;80;2.621280;1;0.000000;0.000044;0.331625;o;0.000112;0.007719;0.045387;0.084618;0.130007;0.107267;0.086436;0.331569;
0;32766;1000000;12346;81;2.653977;1;0.000000;0.000046;0.330187;o;0.000112;0.007811;0.045433;0.085747;0.131182;0.108118;0.082878;0.330130;
0;32766;1000000;12196;82;2.686619;1;0.000000;0.000046;0.330607;o;0.000110;0.007979;0.045666;0.083955;0.129623;0.107886;0.084922;0.330548;
0;32766;1000000;12049;83;2.719396;1;0.000000;0.000046;0.331857;o;0.000109;0.007792;0.045858;0.083883;0.129742;0.108214;0.085914;0.331799;
0;32766;1000000;11905;84;2.752289;1;0.000000;0.000042;0.331235;o;0.000111;0.007850;0.045418;0.084448;0.129867;0.108788;0.084537;0.331181;
0;32766;1000000;11765;85;2.785040;1;0.000000;0.000042;0.330875;o;0.000105;0.007731;0.045374;0.083880;0.129255;0.109287;0.084414;0.330820;
0;32766;1000000;11628;86;2.817853;1;0.000000;0.000044;0.332893;o;0.000105;0.007814;0.045748;0.082214;0.127964;0.110513;0.086413;0.332837;
0;32766;1000000;11495;87;2.850457;1;0.000000;0.000042;0.333262;o;0.000104;0.007809;0.045534;0.083919;0.129454;0.110700;0.085113;0.333208;
0;32766;1000000;11364;88;2.883316;1;0.000000;0.000039;0.340558;o;0.000109;0.007749;0.047162;0.084327;0.131490;0.112688;0.088442;0.340506;
0;32766;1000000;11236;89;2.916162;1;0.000000;0.000044;0.340865;o;0.000102;0.007757;0.045167;0.085364;0.130532;0.114175;0.088213;0.340809;
0;32766;1000000;11112;90;2.948704;1;0.000000;0.000040;0.337629;o;0.000101;0.008004;0.045381;0.085591;0.130973;0.111892;0.086576;0.337576;
0;32766;1000000;10990;91;2.981438;1;0.000000;0.000043;0.336564;o;0.000098;0.007716;0.045254;0.083613;0.128868;0.113238;0.086558;0.336509;
0;32766;1000000;10870;92;3.014351;1;0.000000;0.000042;0.341579;o;0.000098;0.007847;0.045077;0.084883;0.129962;0.116034;0.087555;0.341524;
0;32766;1000000;10753;93;3.047150;1;0.000000;0.000041;0.341895;o;0.000099;0.007772;0.045436;0.084977;0.130414;0.116540;0.086988;0.341841;
0;32766;1000000;10639;94;3.079801;1;0.000000;0.000041;0.339886;o;0.000097;0.007794;0.045027;0.084286;0.129314;0.116544;0.086055;0.339833;
0;32766;1000000;10527;95;3.112568;1;0.000000;0.000043;0.342458;o;0.000097;0.007721;0.045318;0.085413;0.130731;0.118047;0.085776;0.342401;
0;32766;1000000;10417;96;3.145435;1;0.000000;0.000040;0.344145;o;0.000094;0.007634;0.045143;0.084849;0.129993;0.120058;0.086285;0.344093;
0;32766;1000000;10310;97;3.178080;1;0.000000;0.000040;0.347982;o;0.000094;0.007837;0.044923;0.086399;0.131323;0.121683;0.086962;0.347929;
0;32766;1000000;10205;98;3.210779;1;0.000000;0.000042;0.345420;o;0.000095;0.007860;0.044949;0.084278;0.129229;0.121342;0.086810;0.345365;
0;32766;1000000;10102;99;3.243516;1;0.000000;0.000046;0.347392;o;0.000098;0.007914;0.044931;0.085726;0.130659;0.122372;0.086261;0.347333;
