min;max;size;buckets;mean_elements_in_bucket;threads;time_allocate_sync;time_deallocate;time_all;error;0;0;0;0;0;0;0;0;0;
0;2147483647;3333333;3333333;1;644.245159;1;0.000000;0.000355;0.972260;o;0.023113;0.024016;0.352752;0.213310;0.566063;0.192209;0.166457;0.971893;
0;2147483647;6666666;6666666;1;322.122579;2;0.000000;0.000886;1.349773;o;0.045901;0.024962;0.545434;0.264015;0.809450;0.252943;0.215513;1.348875;
0;2147483647;9999999;9999999;1;214.748386;3;0.000000;0.002301;1.961410;o;0.069568;0.026367;0.798781;0.423228;1.222010;0.356330;0.284713;1.959096;
0;2147483647;13333332;13333332;1;161.061290;4;0.000000;0.002468;2.179154;o;0.092279;0.026015;0.916375;0.573464;1.489840;0.259471;0.308910;2.176673;
0;2147483647;16666665;16666665;1;128.849032;5;0.000000;0.004527;2.337848;o;0.119157;0.026059;0.934481;0.682441;1.616923;0.322576;0.248404;2.333307;
0;2147483647;19999998;19999998;1;107.374193;6;0.000000;0.005908;2.531823;o;0.143049;0.025467;0.994573;0.751491;1.746065;0.334936;0.276177;2.525902;
0;2147483647;23333331;23333332;1;92.035019;7;0.000000;0.007410;2.739826;o;0.167083;0.025889;1.051369;0.814947;1.866316;0.394517;0.278337;2.732389;
0;2147483647;26666664;26666664;1;80.530645;8;0.000000;0.009774;2.812302;o;0.198054;0.026226;1.087210;0.877541;1.964753;0.286597;0.326623;2.802514;
0;2147483647;29999997;29999996;1;71.582798;9;0.000000;0.011755;2.939585;o;0.228553;0.026451;1.150640;0.952722;2.103364;0.291600;0.277612;2.927815;
0;2147483647;33333330;33333330;1;64.424516;10;0.000000;0.014925;3.395080;o;0.277786;0.025901;1.223940;1.159608;2.383550;0.298131;0.394484;3.380142;
0;2147483647;36666663;36666664;1;58.567740;11;0.000000;0.018220;3.343712;o;0.318141;0.026508;1.294057;1.113490;2.409097;0.294984;0.271912;3.325480;
0;2147483647;39999996;39999996;1;53.687097;12;0.000000;0.021468;5.242307;o;0.475069;0.028446;2.017880;1.453266;3.472679;0.506101;0.714841;5.220827;
0;2147483647;3333333;3333333;1;644.245159;1;0.000000;0.000367;0.969524;o;0.022331;0.023122;0.350912;0.213197;0.564110;0.193112;0.166441;0.969144;
0;2147483647;6666666;6666666;1;322.122579;2;0.000000;0.000865;1.386953;o;0.045459;0.024894;0.545385;0.274875;0.820261;0.268255;0.227052;1.386075;
0;2147483647;9999999;9999999;1;214.748386;3;0.000000;0.002111;1.895922;o;0.069048;0.026245;0.788570;0.436699;1.225270;0.319697;0.253396;1.893799;
0;2147483647;13333332;13333332;1;161.061290;4;0.000000;0.003020;2.176772;o;0.093710;0.025793;0.894543;0.608057;1.502602;0.258579;0.292861;2.173715;
0;2147483647;16666665;16666665;1;128.849032;5;0.000000;0.004115;2.356857;o;0.117578;0.026620;0.924312;0.675516;1.599829;0.330815;0.277648;2.352729;
0;2147483647;19999998;19999998;1;107.374193;6;0.000000;0.006078;2.549163;o;0.142457;0.026079;1.009405;0.724639;1.734046;0.348545;0.291694;2.543072;
0;2147483647;23333331;23333332;1;92.035019;7;0.000000;0.007677;2.665698;o;0.167276;0.025790;1.052271;0.792145;1.844417;0.350368;0.269948;2.658008;
0;2147483647;26666664;26666664;1;80.530645;8;0.000000;0.008994;2.874564;o;0.202408;0.026136;1.107589;0.895837;2.003427;0.296616;0.336729;2.865557;
0;2147483647;29999997;29999996;1;71.582798;9;0.000000;0.013648;2.954145;o;0.230267;0.026378;1.161144;0.965436;2.126582;0.291079;0.265899;2.940484;
0;2147483647;33333330;33333330;1;64.424516;10;0.000000;0.014417;3.131385;o;0.283264;0.026147;1.203066;1.045545;2.248613;0.290062;0.265596;3.116954;
0;2147483647;36666663;36666664;1;58.567740;11;0.000000;0.017462;3.295688;o;0.323651;0.026254;1.253519;1.079935;2.333456;0.306388;0.286685;3.278212;
0;2147483647;39999996;39999996;1;53.687097;12;0.000000;0.021392;4.671544;o;0.482443;0.037022;1.710856;1.447900;3.160270;0.478940;0.469893;4.650134;
0;2147483647;3333333;3333333;1;644.245159;1;0.000000;0.000386;0.967239;o;0.022195;0.022687;0.352169;0.211991;0.564161;0.192324;0.165442;0.966840;
0;2147483647;6666666;6666666;1;322.122579;2;0.000000;0.000846;1.373594;o;0.045251;0.024780;0.543474;0.271994;0.815469;0.271783;0.215344;1.372735;
0;2147483647;9999999;9999999;1;214.748386;3;0.000000;0.002207;1.908353;o;0.069765;0.025736;0.797426;0.438077;1.235505;0.319736;0.255266;1.906132;
0;2147483647;13333332;13333332;1;161.061290;4;0.000000;0.002905;2.170561;o;0.093614;0.026051;0.912129;0.579102;1.491232;0.257277;0.299310;2.167643;
0;2147483647;16666665;16666665;1;128.849032;5;0.000000;0.004561;2.356254;o;0.118053;0.025840;0.936069;0.702585;1.638655;0.312772;0.256165;2.351681;
0;2147483647;19999998;19999998;1;107.374193;6;0.000000;0.006107;2.539166;o;0.142321;0.026227;1.011749;0.742958;1.754709;0.339869;0.269685;2.533047;
0;2147483647;23333331;23333332;1;92.035019;7;0.000000;0.007666;2.675273;o;0.168121;0.025858;1.039747;0.809424;1.849173;0.369280;0.254929;2.667594;
0;2147483647;26666664;26666664;1;80.530645;8;0.000000;0.009593;2.846730;o;0.201024;0.025267;1.107745;0.900196;2.007942;0.280533;0.320648;2.837123;
0;2147483647;29999997;29999996;1;71.582798;9;0.000000;0.011677;2.978244;o;0.228814;0.026314;1.174979;0.959919;2.134899;0.294757;0.281505;2.966553;
0;2147483647;33333330;33333330;1;64.424516;10;0.000000;0.014005;3.100794;o;0.279336;0.026164;1.207337;0.974457;2.181796;0.307868;0.289874;3.086776;
0;2147483647;36666663;36666664;1;58.567740;11;0.000000;0.017936;3.529772;o;0.323535;0.026037;1.428620;1.077022;2.507168;0.332367;0.319343;3.511824;
0;2147483647;39999996;39999996;1;53.687097;12;0.000000;0.022459;5.001749;o;0.416938;0.027571;1.807549;1.496075;3.303636;0.519223;0.704704;4.979276;
0;2147483647;3333333;3333333;1;644.245159;1;0.000000;0.000407;0.973228;o;0.022467;0.022915;0.355346;0.213773;0.569120;0.190772;0.167507;0.972809;
0;2147483647;6666666;6666666;1;322.122579;2;0.000000;0.000807;1.430601;o;0.044963;0.024603;0.565067;0.275922;0.840990;0.302511;0.216584;1.429782;
0;2147483647;9999999;9999999;1;214.748386;3;0.000000;0.002012;1.900973;o;0.068499;0.026244;0.798474;0.425747;1.224223;0.326126;0.253651;1.898949;
0;2147483647;13333332;13333332;1;161.061290;4;0.000000;0.002590;2.167886;o;0.092809;0.025982;0.940320;0.568376;1.508698;0.303976;0.233620;2.165283;
0;2147483647;16666665;16666665;1;128.849032;5;0.000000;0.003896;2.449750;o;0.116228;0.025899;1.042515;0.593696;1.636213;0.347779;0.319534;2.445840;
0;2147483647;19999998;19999998;1;107.374193;6;0.000000;0.005659;2.611495;o;0.143053;0.025830;1.014234;0.748626;1.762861;0.396139;0.277676;2.605823;
0;2147483647;23333331;23333332;1;92.035019;7;0.000000;0.007752;2.709425;o;0.167659;0.026010;1.053892;0.820011;1.873904;0.376717;0.257147;2.701660;
0;2147483647;26666664;26666664;1;80.530645;8;0.000000;0.010044;3.017860;o;0.203894;0.025826;1.232650;0.899390;2.132042;0.291106;0.354701;3.007804;
0;2147483647;29999997;29999996;1;71.582798;9;0.000000;0.011398;2.913715;o;0.228812;0.026145;1.137423;0.980482;2.117910;0.289597;0.238061;2.902305;
0;2147483647;33333330;33333330;1;64.424516;10;0.000000;0.013966;3.130979;o;0.278397;0.026645;1.232197;1.029640;2.263356;0.288595;0.256720;3.117001;
0;2147483647;36666663;36666664;1;58.567740;11;0.000000;0.017532;3.328676;o;0.324030;0.026265;1.277372;1.076517;2.355436;0.305260;0.295275;3.311131;
0;2147483647;39999996;39999996;1;53.687097;12;0.000000;0.022952;4.648427;o;0.429566;0.028064;1.674500;1.487897;3.167576;0.532406;0.450257;4.625462;
0;2147483647;3333333;3333333;1;644.245159;1;0.000000;0.000379;0.941567;o;0.022393;0.023057;0.345782;0.205592;0.551375;0.184941;0.159378;0.941174;
0;2147483647;6666666;6666666;1;322.122579;2;0.000000;0.000840;1.394815;o;0.044790;0.024891;0.570405;0.275518;0.845924;0.278892;0.199364;1.393962;
0;2147483647;9999999;9999999;1;214.748386;3;0.000000;0.002019;1.975159;o;0.068994;0.026513;0.782218;0.417013;1.199233;0.358531;0.319729;1.973127;
0;2147483647;13333332;13333332;1;161.061290;4;0.000000;0.002739;2.217221;o;0.094232;0.026136;0.923127;0.560371;1.483500;0.273969;0.336419;2.214469;
0;2147483647;16666665;16666665;1;128.849032;5;0.000000;0.003942;2.346651;o;0.116538;0.026366;0.940525;0.682326;1.622852;0.323989;0.252768;2.342695;
0;2147483647;19999998;19999998;1;107.374193;6;0.000000;0.005677;2.566727;o;0.141841;0.025693;1.025662;0.741439;1.767102;0.341145;0.285024;2.561037;
0;2147483647;23333331;23333332;1;92.035019;7;0.000000;0.007063;2.696406;o;0.166793;0.026661;1.047813;0.794998;1.842812;0.364411;0.288420;2.689330;
0;2147483647;26666664;26666664;1;80.530645;8;0.000000;0.008993;2.844633;o;0.199951;0.026114;1.115356;0.896246;2.011604;0.281383;0.314784;2.835627;
0;2147483647;29999997;29999996;1;71.582798;9;0.000000;0.011196;2.989315;o;0.230064;0.026099;1.169283;0.965050;2.134334;0.297421;0.289918;2.978106;
0;2147483647;33333330;33333330;1;64.424516;10;0.000000;0.014480;3.146628;o;0.274776;0.026057;1.212821;1.008195;2.221017;0.319772;0.288655;3.132135;
0;2147483647;36666663;36666664;1;58.567740;11;0.000000;0.019785;4.040649;o;0.323070;0.026672;1.970976;1.096331;3.068155;0.315489;0.284171;4.020851;
0;2147483647;39999996;39999996;1;53.687097;12;0.000000;0.021319;5.218134;o;0.476108;0.040695;2.223371;1.392615;3.617500;0.497709;0.556938;5.196803;
