min;max;size;buckets;mean_elements_in_bucket;threads;time_allocate_sync;time_deallocate;time_all;error;
0;0;0;0;0;0;0;0;0;0;
0;2147483647;1000000;1000000;1;2147.483647;1;0.000000;0.000214;0.289398;o;0.007214;0.007470;0.107764;0.063314;0.171080;0.054890;0.048486;0.289170;
0;2147483647;1000000;500000;2;4294.967294;1;0.000000;0.000207;0.285110;o;0.003919;0.007460;0.095378;0.055986;0.151365;0.075506;0.046613;0.284890;
0;2147483647;1000000;333334;3;6442.438056;1;0.000000;0.000169;0.292979;o;0.002619;0.007701;0.081925;0.057971;0.139897;0.090283;0.052259;0.292793;
0;2147483647;1000000;250000;4;8589.934588;1;0.000000;0.000266;0.299077;o;0.002495;0.007281;0.077457;0.057030;0.134488;0.097891;0.056611;0.298798;
0;2147483647;1000000;200000;5;10737.418235;1;0.000000;0.000158;0.302973;o;0.001559;0.007440;0.072755;0.059761;0.132518;0.100248;0.061007;0.302801;
0;2147483647;1000000;166667;6;12884.876112;1;0.000000;0.000273;0.312953;o;0.001968;0.007440;0.068457;0.063087;0.131545;0.105354;0.066328;0.312666;
0;2147483647;1000000;142858;7;15032.295335;1;0.000000;0.000259;0.317425;o;0.002055;0.007416;0.059551;0.069983;0.129535;0.104533;0.073581;0.317150;
0;2147483647;1000000;125000;8;17179.869176;1;0.000000;0.000206;0.333443;o;0.001363;0.007842;0.066932;0.074227;0.141161;0.105144;0.077685;0.333224;
0;2147483647;1000000;111112;9;19327.198205;1;0.000000;0.000181;0.344030;o;0.001212;0.007862;0.065938;0.078772;0.144712;0.106794;0.083229;0.343836;
0;2147483647;1000000;100000;10;21474.836470;1;0.000000;0.000169;0.349792;o;0.001111;0.008080;0.064842;0.082388;0.147231;0.107306;0.085848;0.349610;
0;2147483647;1000000;90910;11;23622.083896;1;0.000000;0.000150;0.354519;o;0.001024;0.008869;0.063711;0.085169;0.148881;0.107554;0.087999;0.354356;
0;2147483647;1000000;83334;12;25769.597607;1;0.000000;0.000141;0.355654;o;0.000928;0.008251;0.061011;0.087184;0.148197;0.108254;0.089840;0.355500;
0;2147483647;1000000;76924;13;27916.952408;1;0.000000;0.000138;0.356494;o;0.000939;0.008469;0.056507;0.088775;0.145284;0.109840;0.091775;0.356339;
0;2147483647;1000000;71429;14;30064.590670;1;0.000000;0.000143;0.353114;o;0.000876;0.008262;0.054287;0.088182;0.142471;0.109536;0.091774;0.352954;
0;2147483647;1000000;66667;15;32212.093645;1;0.000000;0.000123;0.354986;o;0.000772;0.008177;0.054043;0.089230;0.143274;0.111251;0.091346;0.354850;
0;2147483647;1000000;62500;16;34359.738352;1;0.000000;0.000113;0.357046;o;0.000695;0.008191;0.055402;0.090211;0.145614;0.110936;0.091444;0.356919;
0;2147483647;1000000;58824;17;36506.929944;1;0.000000;0.000112;0.361952;o;0.000661;0.008167;0.056305;0.092202;0.148509;0.111571;0.092892;0.361828;
0;2147483647;1000000;55556;18;38654.396411;1;0.000000;0.000104;0.361029;o;0.000609;0.008092;0.056510;0.091401;0.147913;0.112029;0.092238;0.360913;
0;2147483647;1000000;52632;19;40801.862878;1;0.000000;0.000118;0.360553;o;0.000574;0.008093;0.056196;0.091376;0.147573;0.111725;0.092426;0.360423;
0;2147483647;1000000;50000;20;42949.672940;1;0.000000;0.000103;0.359654;o;0.000543;0.008294;0.054653;0.091387;0.146041;0.111914;0.092716;0.359538;
0;2147483647;1000000;47620;21;45096.254662;1;0.000000;0.000097;0.360965;o;0.000565;0.008394;0.052406;0.091419;0.143827;0.114793;0.093244;0.360854;
0;2147483647;1000000;45455;22;47244.167792;1;0.000000;0.000090;0.368676;o;0.000499;0.008905;0.052028;0.093849;0.145878;0.118666;0.094598;0.368574;
0;2147483647;1000000;43479;23;49391.284229;1;0.000000;0.000113;0.368162;o;0.000464;0.008110;0.054124;0.093679;0.147804;0.117573;0.094052;0.368035;
0;2147483647;1000000;41667;24;51539.195214;1;0.000000;0.000091;0.366900;o;0.000449;0.007874;0.053924;0.093328;0.147253;0.117244;0.093945;0.366795;
0;2147483647;1000000;40000;25;53687.091175;1;0.000000;0.000083;0.369756;o;0.000485;0.008440;0.052320;0.093311;0.145632;0.120062;0.095008;0.369657;
0;2147483647;1000000;38462;26;55833.904815;1;0.000000;0.000076;0.371607;o;0.000423;0.008169;0.052083;0.094746;0.146831;0.121486;0.094581;0.371518;
0;2147483647;1000000;37038;27;57980.550975;1;0.000000;0.000080;0.371896;o;0.000394;0.008058;0.053184;0.094766;0.147952;0.120610;0.094760;0.371803;
0;2147483647;1000000;35715;28;60128.339549;1;0.000000;0.000083;0.373837;o;0.000425;0.008416;0.051822;0.093863;0.145687;0.123746;0.095425;0.373739;
0;2147483647;1000000;34483;29;62276.589827;1;0.000000;0.000076;0.373826;o;0.000402;0.008125;0.052178;0.095498;0.147678;0.122948;0.094550;0.373735;
0;2147483647;1000000;33334;30;64423.220946;1;0.000000;0.000076;0.375291;o;0.000355;0.008043;0.052909;0.095464;0.148374;0.123138;0.095264;0.375203;
0;2147483647;1000000;32259;31;66570.062525;1;0.000000;0.000070;0.376877;o;0.000384;0.008442;0.051356;0.094615;0.145972;0.126427;0.095536;0.376792;
0;2147483647;1000000;31250;32;68719.476704;1;0.000000;0.000063;0.377623;o;0.000337;0.008130;0.051975;0.095874;0.147851;0.126089;0.095105;0.377548;
0;2147483647;1000000;30304;33;70864.692681;1;0.000000;0.000082;0.376821;o;0.000320;0.008096;0.052135;0.094651;0.146788;0.125738;0.095750;0.376724;
0;2147483647;1000000;29412;34;73013.859887;1;0.000000;0.000059;0.376538;o;0.000301;0.008675;0.049546;0.095869;0.145416;0.127570;0.094475;0.376466;
0;2147483647;1000000;28572;35;75160.424437;1;0.000000;0.000069;0.375609;o;0.000287;0.007854;0.050688;0.094970;0.145659;0.126023;0.095677;0.375528;
0;2147483647;1000000;27778;36;77308.792822;1;0.000000;0.000060;0.378143;o;0.000320;0.007908;0.049549;0.094320;0.143870;0.130810;0.095132;0.378069;
0;2147483647;1000000;27028;37;79454.034594;1;0.000000;0.000065;0.381465;o;0.000278;0.008067;0.051352;0.095565;0.146919;0.130639;0.095456;0.381387;
0;2147483647;1000000;26316;38;81603.725756;1;0.000000;0.000076;0.384097;o;0.000313;0.008442;0.050836;0.095118;0.145956;0.133686;0.095570;0.384005;
0;2147483647;1000000;25642;39;83748.679783;1;0.000000;0.000069;0.384624;o;0.000264;0.008994;0.050837;0.096031;0.146868;0.133125;0.095262;0.384542;
0;2147483647;1000000;25000;40;85899.345880;1;0.000000;0.000073;0.385677;o;0.000292;0.008405;0.050927;0.094706;0.145634;0.135577;0.095642;0.385591;
0;2147483647;1000000;24391;41;88044.100160;1;0.000000;0.000071;0.385808;o;0.000267;0.008132;0.050857;0.096193;0.147052;0.135027;0.095208;0.385716;
0;2147483647;1000000;23810;42;90192.509324;1;0.000000;0.000063;0.387204;o;0.000247;0.008167;0.051317;0.094591;0.145910;0.136710;0.096066;0.387129;
0;2147483647;1000000;23256;43;92341.058093;1;0.000000;0.000057;0.388097;o;0.000257;0.008195;0.050819;0.095928;0.146748;0.137914;0.094876;0.388024;
0;2147483647;1000000;22728;44;94486.256908;1;0.000000;0.000057;0.390558;o;0.000234;0.008160;0.051417;0.094726;0.146144;0.139940;0.095980;0.390488;
0;2147483647;1000000;22223;45;96633.381947;1;0.000000;0.000053;0.392340;o;0.000253;0.008189;0.050713;0.096726;0.147441;0.140665;0.095697;0.392273;
0;2147483647;1000000;21740;46;98780.296550;1;0.000000;0.000069;0.391880;o;0.000219;0.008369;0.050489;0.094719;0.145210;0.142348;0.095618;0.391796;
0;2147483647;1000000;21277;47;100929.813743;1;0.000000;0.000061;0.391673;o;0.000211;0.007868;0.049896;0.096401;0.146298;0.141613;0.095580;0.391600;
0;2147483647;1000000;20834;48;103075.916627;1;0.000000;0.000059;0.393839;o;0.000269;0.008560;0.049828;0.094588;0.144417;0.144948;0.095523;0.393762;
0;2147483647;1000000;20409;49;105222.384585;1;0.000000;0.000054;0.395587;o;0.000203;0.008052;0.050296;0.096017;0.146314;0.144018;0.096898;0.395521;
0;2147483647;1000000;20000;50;107374.182350;1;0.000000;0.000056;0.395220;o;0.000236;0.008171;0.049566;0.094591;0.144158;0.147667;0.094889;0.395150;
0;2147483647;1000000;19608;51;109520.789831;1;0.000000;0.000052;0.398402;o;0.000192;0.008049;0.050356;0.095566;0.145923;0.147732;0.096415;0.398338;
0;2147483647;1000000;19231;52;111667.809630;1;0.000000;0.000047;0.397439;o;0.000207;0.008920;0.049621;0.095950;0.145572;0.147650;0.095000;0.397379;
0;2147483647;1000000;18868;53;113816.178026;1;0.000000;0.000074;0.398508;o;0.000226;0.008420;0.049396;0.094602;0.143999;0.150043;0.095696;0.398418;
0;2147483647;1000000;18519;54;115961.101949;1;0.000000;0.000065;0.403203;o;0.000182;0.008808;0.050857;0.095660;0.146517;0.150913;0.096675;0.403126;
0;2147483647;1000000;18182;55;118110.419481;1;0.000000;0.000052;0.403635;o;0.000183;0.008156;0.049213;0.096209;0.145423;0.153940;0.095836;0.403569;
0;2147483647;1000000;17858;56;120253.312073;1;0.000000;0.000052;0.402672;o;0.000176;0.008321;0.049835;0.094449;0.144285;0.154105;0.095687;0.402607;
0;2147483647;1000000;17544;57;122405.588634;1;0.000000;0.000051;0.403736;o;0.000171;0.008057;0.049203;0.095484;0.144689;0.154508;0.096219;0.403673;
0;2147483647;1000000;17242;58;124549.567742;1;0.000000;0.000060;0.404488;o;0.000179;0.008138;0.049086;0.095068;0.144156;0.156992;0.094917;0.404414;
0;2147483647;1000000;16950;59;126695.200413;1;0.000000;0.000044;0.404845;o;0.000183;0.009175;0.048675;0.094545;0.143221;0.156901;0.095275;0.404787;
0;2147483647;1000000;16667;60;128846.441891;1;0.000000;0.000049;0.403656;o;0.000155;0.007842;0.048747;0.095053;0.143801;0.156849;0.094917;0.403594;
0;2147483647;1000000;16394;61;130992.048737;1;0.000000;0.000045;0.406003;o;0.000155;0.007843;0.048733;0.095517;0.144251;0.157847;0.095821;0.405945;
0;2147483647;1000000;16130;62;133135.997954;1;0.000000;0.000045;0.407495;o;0.000165;0.007990;0.047700;0.095637;0.143338;0.160693;0.095221;0.407437;
0;2147483647;1000000;15874;63;135283.082210;1;0.000000;0.000045;0.411677;o;0.000192;0.008441;0.048730;0.094916;0.143648;0.163829;0.095476;0.411617;
0;2147483647;1000000;15625;64;137438.953408;1;0.000000;0.000067;0.413628;o;0.000151;0.008717;0.049964;0.094467;0.144433;0.164480;0.095734;0.413547;
0;2147483647;1000000;15385;65;139582.947481;1;0.000000;0.000043;0.414379;o;0.000148;0.008790;0.048910;0.095360;0.144271;0.164892;0.096192;0.414323;
0;2147483647;1000000;15152;66;141729.385362;1;0.000000;0.000083;0.414685;o;0.000163;0.008186;0.048912;0.095445;0.144359;0.166053;0.095788;0.414589;
0;2147483647;1000000;14926;67;143875.361584;1;0.000000;0.000079;0.414786;o;0.000158;0.008301;0.048702;0.094644;0.143347;0.167642;0.095213;0.414693;
0;2147483647;1000000;14706;68;146027.719774;1;0.000000;0.000047;0.415830;o;0.000176;0.008401;0.048428;0.094394;0.142824;0.169207;0.095131;0.415768;
0;2147483647;1000000;14493;69;148173.852688;1;0.000000;0.000048;0.419309;o;0.000136;0.008831;0.049172;0.094911;0.144084;0.170544;0.095625;0.419249;
0;2147483647;1000000;14286;70;150320.848873;1;0.000000;0.000043;0.420006;o;0.000139;0.008192;0.049035;0.095384;0.144420;0.171539;0.095622;0.419948;
0;2147483647;1000000;14085;71;152466.002627;1;0.000000;0.000060;0.421737;o;0.000138;0.008073;0.049053;0.095072;0.144126;0.173917;0.095374;0.421659;
0;2147483647;1000000;13889;72;154617.585643;1;0.000000;0.000061;0.423439;o;0.000142;0.008134;0.048550;0.095830;0.144382;0.174663;0.096016;0.423365;
0;2147483647;1000000;13699;73;156762.073655;1;0.000000;0.000063;0.424790;o;0.000131;0.008897;0.048148;0.095720;0.143870;0.175590;0.096196;0.424716;
0;2147483647;1000000;13514;74;158908.069188;1;0.000000;0.000056;0.426820;o;0.000124;0.008149;0.048219;0.095895;0.144115;0.178068;0.096265;0.426751;
0;2147483647;1000000;13334;75;161053.220864;1;0.000000;0.000036;0.425030;o;0.000129;0.007961;0.047861;0.094491;0.142353;0.178612;0.095897;0.424981;
0;2147483647;1000000;13158;76;163207.451512;1;0.000000;0.000049;0.428383;o;0.000159;0.008282;0.047794;0.094039;0.141834;0.180180;0.097829;0.428317;
0;2147483647;1000000;12988;77;165343.674700;1;0.000000;0.000044;0.426728;o;0.000154;0.008258;0.048031;0.093780;0.141812;0.181251;0.095162;0.426669;
0;2147483647;1000000;12821;78;167497.359566;1;0.000000;0.000055;0.429810;o;0.000153;0.008381;0.048542;0.093925;0.142468;0.183516;0.095191;0.429740;
0;2147483647;1000000;12659;79;169640.860021;1;0.000000;0.000062;0.430911;o;0.000165;0.008438;0.048305;0.094220;0.142526;0.184376;0.095282;0.430826;
0;2147483647;1000000;12500;80;171798.691760;1;0.000000;0.000058;0.434262;o;0.000149;0.008381;0.048603;0.094576;0.143182;0.187205;0.095245;0.434190;
0;2147483647;1000000;12346;81;173941.652924;1;0.000000;0.000043;0.434541;o;0.000147;0.008343;0.048427;0.094450;0.142878;0.187558;0.095529;0.434483;
0;2147483647;1000000;12196;82;176080.981223;1;0.000000;0.000042;0.435631;o;0.000146;0.008385;0.048493;0.094359;0.142853;0.188500;0.095655;0.435573;
0;2147483647;1000000;12049;83;178229.201345;1;0.000000;0.000051;0.438115;o;0.000147;0.008328;0.048203;0.094469;0.142673;0.190919;0.095952;0.438050;
0;2147483647;1000000;11905;84;180385.018648;1;0.000000;0.000040;0.435969;o;0.000119;0.007902;0.047230;0.094581;0.141812;0.190106;0.095948;0.435915;
0;2147483647;1000000;11765;85;182531.546706;1;0.000000;0.000045;0.435304;o;0.000131;0.008008;0.046821;0.095322;0.142145;0.190132;0.094800;0.435244;
0;2147483647;1000000;11628;86;184682.116185;1;0.000000;0.000053;0.433199;o;0.000107;0.007827;0.047173;0.093614;0.140788;0.190569;0.093815;0.433134;
0;2147483647;1000000;11495;87;186818.934058;1;0.000000;0.000040;0.438160;o;0.000105;0.008061;0.048015;0.093537;0.141553;0.194719;0.093642;0.438108;
0;2147483647;1000000;11364;88;188972.513816;1;0.000000;0.000040;0.440408;o;0.000104;0.008265;0.047965;0.093546;0.141512;0.196844;0.093603;0.440356;
0;2147483647;1000000;11236;89;191125.280082;1;0.000000;0.000040;0.441294;o;0.000103;0.008068;0.048024;0.093516;0.141542;0.197965;0.093538;0.441242;
0;2147483647;1000000;11112;90;193258.067585;1;0.000000;0.000044;0.442746;o;0.000108;0.008050;0.048307;0.093636;0.141944;0.199059;0.093501;0.442690;
0;2147483647;1000000;10990;91;195403.425569;1;0.000000;0.000040;0.444082;o;0.000101;0.008140;0.048294;0.092968;0.141263;0.200908;0.093592;0.444030;
0;2147483647;1000000;10870;92;197560.593100;1;0.000000;0.000043;0.450016;o;0.000132;0.008366;0.048158;0.093238;0.141398;0.203668;0.096364;0.449958;
0;2147483647;1000000;10753;93;199710.187576;1;0.000000;0.000053;0.452086;o;0.000130;0.008213;0.047273;0.094200;0.141475;0.206827;0.095330;0.452014;
0;2147483647;1000000;10639;94;201850.140709;1;0.000000;0.000042;0.454880;o;0.000110;0.008099;0.047746;0.095662;0.143409;0.207745;0.095434;0.454825;
0;2147483647;1000000;10527;95;203997.686615;1;0.000000;0.000048;0.455821;o;0.000097;0.008032;0.048057;0.095081;0.143140;0.209047;0.095415;0.455760;
0;2147483647;1000000;10417;96;206151.833253;1;0.000000;0.000044;0.457470;o;0.000125;0.009178;0.047951;0.094391;0.142344;0.209616;0.096120;0.457413;
0;2147483647;1000000;10310;97;208291.333366;1;0.000000;0.000057;0.458140;o;0.000101;0.008157;0.047934;0.094632;0.142568;0.212031;0.095184;0.458070;
0;2147483647;1000000;10205;98;210434.458305;1;0.000000;0.000045;0.460766;o;0.000093;0.008092;0.048805;0.095369;0.144175;0.213265;0.095052;0.460707;
0;2147483647;1000000;10102;99;212580.048208;1;0.000000;0.000044;0.460790;o;0.000093;0.008095;0.048320;0.094218;0.142539;0.213883;0.096093;0.460733;
0;2147483647;1000000;1000000;1;2147.483647;1;0.000000;0.000211;0.290502;o;0.007413;0.007313;0.108914;0.061721;0.170637;0.055731;0.049148;0.290276;
0;2147483647;1000000;500000;2;4294.967294;1;0.000000;0.000223;0.288653;o;0.004002;0.007198;0.095813;0.056640;0.152454;0.076404;0.048326;0.288416;
0;2147483647;1000000;333334;3;6442.438056;1;0.000000;0.000311;0.301532;o;0.002773;0.008086;0.090718;0.056860;0.147579;0.090503;0.052240;0.301208;
0;2147483647;1000000;250000;4;8589.934588;1;0.000000;0.000223;0.299275;o;0.002413;0.007441;0.077276;0.056349;0.133626;0.097947;0.057583;0.299039;
0;2147483647;1000000;200000;5;10737.418235;1;0.000000;0.000164;0.306287;o;0.001737;0.007324;0.073246;0.061682;0.134929;0.101190;0.060900;0.306110;
0;2147483647;1000000;166667;6;12884.876112;1;0.000000;0.000119;0.310375;o;0.001666;0.007933;0.065123;0.062920;0.128044;0.104822;0.067743;0.310242;
0;2147483647;1000000;142858;7;15032.295335;1;0.000000;0.000278;0.324405;o;0.001496;0.007793;0.065150;0.071041;0.136192;0.104541;0.074057;0.324115;
0;2147483647;1000000;125000;8;17179.869176;1;0.000000;0.000212;0.339615;o;0.001424;0.008767;0.068287;0.075108;0.143397;0.106651;0.079120;0.339389;
0;2147483647;1000000;111112;9;19327.198205;1;0.000000;0.000182;0.345732;o;0.001243;0.008110;0.066830;0.078511;0.145343;0.107312;0.083502;0.345537;
0;2147483647;1000000;100000;10;21474.836470;1;0.000000;0.000180;0.347645;o;0.001089;0.007872;0.063910;0.081515;0.145427;0.106990;0.086043;0.347452;
0;2147483647;1000000;90910;11;23622.083896;1;0.000000;0.000158;0.350964;o;0.000982;0.007850;0.062897;0.084623;0.147520;0.107153;0.087261;0.350794;
0;2147483647;1000000;83334;12;25769.597607;1;0.000000;0.000138;0.352101;o;0.000903;0.008040;0.060079;0.086405;0.146485;0.107362;0.089135;0.351951;
0;2147483647;1000000;76924;13;27916.952408;1;0.000000;0.000139;0.352033;o;0.000937;0.008645;0.054014;0.087730;0.141745;0.109345;0.091174;0.351878;
0;2147483647;1000000;71429;14;30064.590670;1;0.000000;0.000146;0.358114;o;0.000850;0.008209;0.054235;0.090275;0.144511;0.111845;0.092499;0.357954;
0;2147483647;1000000;66667;15;32212.093645;1;0.000000;0.000128;0.362216;o;0.000777;0.008248;0.056273;0.091441;0.147717;0.112244;0.093051;0.362072;
0;2147483647;1000000;62500;16;34359.738352;1;0.000000;0.000116;0.363947;o;0.000688;0.008126;0.058205;0.091638;0.149845;0.112409;0.092724;0.363818;
0;2147483647;1000000;58824;17;36506.929944;1;0.000000;0.000128;0.363578;o;0.000641;0.008819;0.057588;0.091795;0.149385;0.111648;0.092913;0.363437;
0;2147483647;1000000;55556;18;38654.396411;1;0.000000;0.000118;0.364012;o;0.000618;0.008416;0.055422;0.092105;0.147528;0.112805;0.094485;0.363882;
0;2147483647;1000000;52632;19;40801.862878;1;0.000000;0.000106;0.365282;o;0.000637;0.008225;0.052918;0.092641;0.145559;0.115950;0.094760;0.365161;
0;2147483647;1000000;50000;20;42949.672940;1;0.000000;0.000118;0.366936;o;0.000572;0.008191;0.054338;0.093426;0.147765;0.115936;0.094310;0.366804;
0;2147483647;1000000;47620;21;45096.254662;1;0.000000;0.000093;0.367866;o;0.000519;0.008071;0.054996;0.093792;0.148789;0.115976;0.094379;0.367761;
0;2147483647;1000000;45455;22;47244.167792;1;0.000000;0.000100;0.368236;o;0.000495;0.008165;0.054726;0.093212;0.147940;0.116054;0.095437;0.368123;
0;2147483647;1000000;43479;23;49391.284229;1;0.000000;0.000084;0.367886;o;0.000517;0.008205;0.052108;0.092964;0.145074;0.119486;0.094476;0.367787;
0;2147483647;1000000;41667;24;51539.195214;1;0.000000;0.000093;0.370099;o;0.000467;0.008175;0.053424;0.094329;0.147754;0.119327;0.094241;0.369993;
0;2147483647;1000000;40000;25;53687.091175;1;0.000000;0.000095;0.368533;o;0.000425;0.008050;0.053797;0.093822;0.147620;0.118495;0.093801;0.368423;
0;2147483647;1000000;38462;26;55833.904815;1;0.000000;0.000097;0.370432;o;0.000451;0.008420;0.052703;0.093576;0.146280;0.119909;0.095231;0.370321;
0;2147483647;1000000;37038;27;57980.550975;1;0.000000;0.000078;0.372266;o;0.000412;0.008149;0.051454;0.094783;0.146239;0.122290;0.095051;0.372174;
0;2147483647;1000000;35715;28;60128.339549;1;0.000000;0.000073;0.373000;o;0.000376;0.008121;0.053303;0.094429;0.147734;0.122094;0.094561;0.372914;
0;2147483647;1000000;34483;29;62276.589827;1;0.000000;0.000077;0.375275;o;0.000362;0.008162;0.053343;0.094250;0.147594;0.123072;0.095964;0.375183;
0;2147483647;1000000;33334;30;64423.220946;1;0.000000;0.000071;0.377356;o;0.000368;0.008149;0.052348;0.095744;0.148093;0.125224;0.095410;0.377271;
0;2147483647;1000000;32259;31;66570.062525;1;0.000000;0.000074;0.378601;o;0.000340;0.008789;0.054697;0.095502;0.150200;0.124100;0.095058;0.378515;
0;2147483647;1000000;31250;32;68719.476704;1;0.000000;0.000091;0.377962;o;0.000378;0.008422;0.051795;0.094550;0.146346;0.126557;0.096122;0.377855;
0;2147483647;1000000;30304;33;70864.692681;1;0.000000;0.000077;0.378461;o;0.000312;0.008151;0.050976;0.096191;0.147168;0.127524;0.095188;0.378372;
0;2147483647;1000000;29412;34;73013.859887;1;0.000000;0.000065;0.378281;o;0.000304;0.008080;0.051620;0.095601;0.147223;0.126584;0.095984;0.378203;
0;2147483647;1000000;28572;35;75160.424437;1;0.000000;0.000069;0.380879;o;0.000343;0.008381;0.050877;0.094852;0.145731;0.130446;0.095864;0.380795;
0;2147483647;1000000;27778;36;77308.792822;1;0.000000;0.000065;0.380065;o;0.000284;0.008151;0.051348;0.095648;0.146998;0.129402;0.095123;0.379988;
0;2147483647;1000000;27028;37;79454.034594;1;0.000000;0.000061;0.380931;o;0.000322;0.008290;0.051519;0.094239;0.145760;0.130527;0.095929;0.380858;
0;2147483647;1000000;26316;38;81603.725756;1;0.000000;0.000063;0.381253;o;0.000295;0.007990;0.050084;0.096420;0.146505;0.131439;0.094916;0.381176;
0;2147483647;1000000;25642;39;83748.679783;1;0.000000;0.000057;0.380804;o;0.000255;0.008222;0.050244;0.094193;0.144438;0.132245;0.095544;0.380733;
0;2147483647;1000000;25000;40;85899.345880;1;0.000000;0.000071;0.382229;o;0.000282;0.007925;0.049691;0.095670;0.145363;0.133352;0.095193;0.382144;
0;2147483647;1000000;24391;41;88044.100160;1;0.000000;0.000055;0.386266;o;0.000248;0.009040;0.050565;0.094621;0.145186;0.135660;0.096034;0.386199;
0;2147483647;1000000;23810;42;90192.509324;1;0.000000;0.000062;0.386791;o;0.000264;0.008192;0.050303;0.096182;0.146487;0.136481;0.095258;0.386714;
0;2147483647;1000000;23256;43;92341.058093;1;0.000000;0.000079;0.384962;o;0.000232;0.008058;0.051351;0.094730;0.146083;0.135350;0.095119;0.384870;
0;2147483647;1000000;22728;44;94486.256908;1;0.000000;0.000061;0.389144;o;0.000276;0.008173;0.050133;0.093963;0.144097;0.140761;0.095734;0.389070;
0;2147483647;1000000;22223;45;96633.381947;1;0.000000;0.000062;0.389220;o;0.000224;0.008196;0.050347;0.095440;0.145788;0.138754;0.096146;0.389143;
0;2147483647;1000000;21740;46;98780.296550;1;0.000000;0.000085;0.390129;o;0.000262;0.008196;0.049471;0.094389;0.143861;0.142445;0.095230;0.390029;
0;2147483647;1000000;21277;47;100929.813743;1;0.000000;0.000069;0.390191;o;0.000216;0.007952;0.050444;0.095648;0.146093;0.140815;0.095002;0.390108;
0;2147483647;1000000;20834;48;103075.916627;1;0.000000;0.000055;0.391270;o;0.000219;0.008140;0.049436;0.093534;0.142971;0.144794;0.095041;0.391201;
0;2147483647;1000000;20409;49;105222.384585;1;0.000000;0.000061;0.396058;o;0.000202;0.008840;0.050439;0.095537;0.145977;0.144950;0.095988;0.395986;
0;2147483647;1000000;20000;50;107374.182350;1;0.000000;0.000050;0.396640;o;0.000216;0.008228;0.049721;0.096361;0.146083;0.146612;0.095406;0.396576;
0;2147483647;1000000;19608;51;109520.789831;1;0.000000;0.000047;0.395024;o;0.000203;0.008394;0.050213;0.094649;0.144863;0.147554;0.093920;0.394963;
0;2147483647;1000000;19231;52;111667.809630;1;0.000000;0.000092;0.397291;o;0.000192;0.008118;0.049547;0.094499;0.144048;0.147251;0.097545;0.397186;
0;2147483647;1000000;18868;53;113816.178026;1;0.000000;0.000047;0.393791;o;0.000229;0.008317;0.049361;0.093306;0.142669;0.148636;0.093847;0.393728;
0;2147483647;1000000;18519;54;115961.101949;1;0.000000;0.000071;0.397464;o;0.000182;0.008102;0.049417;0.093822;0.143241;0.149703;0.096121;0.397380;
0;2147483647;1000000;18182;55;118110.419481;1;0.000000;0.000053;0.398012;o;0.000195;0.008154;0.049412;0.094758;0.144171;0.151942;0.093456;0.397946;
0;2147483647;1000000;17858;56;120253.312073;1;0.000000;0.000060;0.398924;o;0.000174;0.008071;0.049495;0.093446;0.142943;0.152429;0.095207;0.398852;
0;2147483647;1000000;17544;57;122405.588634;1;0.000000;0.000048;0.399781;o;0.000183;0.008340;0.048852;0.094846;0.143698;0.152920;0.094541;0.399718;
0;2147483647;1000000;17242;58;124549.567742;1;0.000000;0.000062;0.401030;o;0.000205;0.008282;0.048872;0.093610;0.142483;0.156030;0.093924;0.400954;
0;2147483647;1000000;16950;59;126695.200413;1;0.000000;0.000050;0.402699;o;0.000162;0.008088;0.049493;0.094145;0.143640;0.156120;0.094599;0.402637;
0;2147483647;1000000;16667;60;128846.441891;1;0.000000;0.000057;0.404892;o;0.000168;0.008177;0.049363;0.094712;0.144076;0.157071;0.095304;0.404822;
0;2147483647;1000000;16394;61;130992.048737;1;0.000000;0.000064;0.404122;o;0.000195;0.008335;0.048781;0.093363;0.142146;0.159450;0.093876;0.404040;
0;2147483647;1000000;16130;62;133135.997954;1;0.000000;0.000060;0.406201;o;0.000156;0.008085;0.049242;0.093543;0.142786;0.159168;0.095904;0.406128;
0;2147483647;1000000;15874;63;135283.082210;1;0.000000;0.000052;0.403785;o;0.000162;0.008235;0.048055;0.094330;0.142386;0.158808;0.094093;0.403717;
0;2147483647;1000000;15625;64;137438.953408;1;0.000000;0.000049;0.405530;o;0.000187;0.008126;0.048095;0.093491;0.141588;0.160885;0.094652;0.405466;
0;2147483647;1000000;15385;65;139582.947481;1;0.000000;0.000044;0.405735;o;0.000149;0.008121;0.049466;0.092686;0.142153;0.161931;0.093297;0.405679;
0;2147483647;1000000;15152;66;141729.385362;1;0.000000;0.000052;0.411085;o;0.000138;0.007839;0.048362;0.093515;0.141879;0.165471;0.095667;0.411021;
0;2147483647;1000000;14926;67;143875.361584;1;0.000000;0.000058;0.412079;o;0.000154;0.008135;0.048244;0.094817;0.143062;0.165575;0.095054;0.412008;
0;2147483647;1000000;14706;68;146027.719774;1;0.000000;0.000079;0.411727;o;0.000178;0.008095;0.048516;0.093176;0.141693;0.168068;0.093562;0.411632;
0;2147483647;1000000;14493;69;148173.852688;1;0.000000;0.000070;0.414219;o;0.000170;0.008376;0.048732;0.093230;0.141963;0.169825;0.093766;0.414133;
0;2147483647;1000000;14286;70;150320.848873;1;0.000000;0.000045;0.419110;o;0.000132;0.008065;0.048867;0.093980;0.142849;0.172382;0.095597;0.419053;
0;2147483647;1000000;14085;71;152466.002627;1;0.000000;0.000062;0.420624;o;0.000136;0.008139;0.049119;0.094849;0.143969;0.173108;0.095167;0.420549;
0;2147483647;1000000;13889;72;154617.585643;1;0.000000;0.000044;0.422139;o;0.000130;0.008139;0.048556;0.094928;0.143485;0.174953;0.095346;0.422082;
0;2147483647;1000000;13699;73;156762.073655;1;0.000000;0.000042;0.421141;o;0.000138;0.008163;0.048355;0.095507;0.143864;0.174453;0.094429;0.421085;
0;2147483647;1000000;13514;74;158908.069188;1;0.000000;0.000056;0.421649;o;0.000127;0.008166;0.048286;0.094199;0.142486;0.176231;0.094539;0.421580;
0;2147483647;1000000;13334;75;161053.220864;1;0.000000;0.000041;0.421139;o;0.000175;0.008206;0.048089;0.093029;0.141119;0.178112;0.093435;0.421081;
0;2147483647;1000000;13158;76;163207.451512;1;0.000000;0.000034;0.424153;o;0.000157;0.008350;0.048378;0.093162;0.141541;0.178620;0.095405;0.424103;
0;2147483647;1000000;12988;77;165343.674700;1;0.000000;0.000046;0.425758;o;0.000119;0.008233;0.049217;0.093550;0.142768;0.181032;0.093519;0.425700;
0;2147483647;1000000;12821;78;167497.359566;1;0.000000;0.000041;0.425498;o;0.000117;0.008082;0.048369;0.093790;0.142160;0.181372;0.093686;0.425444;
0;2147483647;1000000;12659;79;169640.860021;1;0.000000;0.000040;0.427434;o;0.000115;0.008062;0.048150;0.093694;0.141846;0.183753;0.093575;0.427381;
0;2147483647;1000000;12500;80;171798.691760;1;0.000000;0.000064;0.429293;o;0.000114;0.008052;0.049116;0.093639;0.142757;0.184090;0.094171;0.429216;
0;2147483647;1000000;12346;81;173941.652924;1;0.000000;0.000060;0.429482;o;0.000121;0.007684;0.047723;0.093917;0.141641;0.185756;0.093813;0.429047;
0;2147483647;1000000;12196;82;176080.981223;1;0.000000;0.000045;0.431399;o;0.000118;0.008083;0.047585;0.094160;0.141746;0.187358;0.094008;0.431342;
0;2147483647;1000000;12049;83;178229.201345;1;0.000000;0.000040;0.434932;o;0.000111;0.008123;0.048495;0.094144;0.142640;0.189921;0.094051;0.434878;
0;2147483647;1000000;11905;84;180385.018648;1;0.000000;0.000050;0.434392;o;0.000109;0.008100;0.047722;0.093949;0.141672;0.190616;0.093806;0.434330;
0;2147483647;1000000;11765;85;182531.546706;1;0.000000;0.000043;0.436211;o;0.000108;0.008103;0.048144;0.093819;0.141964;0.191838;0.094113;0.436155;
0;2147483647;1000000;11628;86;184682.116185;1;0.000000;0.000041;0.437964;o;0.000107;0.008115;0.047995;0.094126;0.142121;0.193372;0.094166;0.437910;
0;2147483647;1000000;11495;87;186818.934058;1;0.000000;0.000068;0.437297;o;0.000104;0.008077;0.048670;0.093788;0.142459;0.192830;0.093718;0.437217;
0;2147483647;1000000;11364;88;188972.513816;1;0.000000;0.000042;0.434936;o;0.000107;0.007806;0.047237;0.093594;0.140832;0.193066;0.093044;0.434883;
0;2147483647;1000000;11236;89;191125.280082;1;0.000000;0.000045;0.435854;o;0.000098;0.008007;0.047508;0.092552;0.140061;0.194354;0.093248;0.435796;
0;2147483647;1000000;11112;90;193258.067585;1;0.000000;0.000041;0.442712;o;0.000132;0.008310;0.047604;0.093099;0.140704;0.199714;0.093767;0.442656;
0;2147483647;1000000;10990;91;195403.425569;1;0.000000;0.000052;0.445002;o;0.000129;0.008323;0.047822;0.093160;0.140984;0.200769;0.094700;0.444935;
0;2147483647;1000000;10870;92;197560.593100;1;0.000000;0.000039;0.447981;o;0.000112;0.008073;0.048149;0.092947;0.141098;0.203919;0.094691;0.447927;
0;2147483647;1000000;10753;93;199710.187576;1;0.000000;0.000040;0.448524;o;0.000131;0.008143;0.047457;0.094198;0.141656;0.204421;0.094089;0.448469;
0;2147483647;1000000;10639;94;201850.140709;1;0.000000;0.000048;0.451839;o;0.000098;0.008806;0.047728;0.094039;0.141769;0.206026;0.095053;0.451779;
0;2147483647;1000000;10527;95;203997.686615;1;0.000000;0.000038;0.454832;o;0.000097;0.008100;0.048086;0.095190;0.143277;0.208020;0.095257;0.454780;
0;2147483647;1000000;10417;96;206151.833253;1;0.000000;0.000040;0.456784;o;0.000126;0.008390;0.047567;0.094148;0.141716;0.210689;0.095780;0.456729;
0;2147483647;1000000;10310;97;208291.333366;1;0.000000;0.000041;0.459423;o;0.000102;0.008164;0.047640;0.095972;0.143613;0.211884;0.095574;0.459369;
0;2147483647;1000000;10205;98;210434.458305;1;0.000000;0.000045;0.459616;o;0.000093;0.008791;0.048257;0.094886;0.143145;0.212227;0.095277;0.459560;
0;2147483647;1000000;10102;99;212580.048208;1;0.000000;0.000062;0.461041;o;0.000095;0.008408;0.048035;0.094024;0.142060;0.214231;0.096134;0.460959;
0;2147483647;1000000;1000000;1;2147.483647;1;0.000000;0.000197;0.288810;o;0.007114;0.007485;0.108064;0.062254;0.170318;0.054628;0.049025;0.288599;
0;2147483647;1000000;500000;2;4294.967294;1;0.000000;0.000203;0.287454;o;0.003647;0.007838;0.095470;0.056001;0.151472;0.076331;0.047920;0.287237;
0;2147483647;1000000;333334;3;6442.438056;1;0.000000;0.000313;0.296568;o;0.002632;0.008275;0.082061;0.058740;0.140802;0.091815;0.052690;0.296243;
0;2147483647;1000000;250000;4;8589.934588;1;0.000000;0.000218;0.301524;o;0.002189;0.007560;0.076030;0.057846;0.133878;0.099835;0.057802;0.301292;
0;2147483647;1000000;200000;5;10737.418235;1;0.000000;0.000295;0.311729;o;0.001872;0.007809;0.074950;0.061386;0.136338;0.102701;0.062672;0.311421;
0;2147483647;1000000;166667;6;12884.876112;1;0.000000;0.000109;0.312205;o;0.001493;0.007090;0.066627;0.064343;0.130971;0.105727;0.066770;0.312082;
0;2147483647;1000000;142858;7;15032.295335;1;0.000000;0.000095;0.317672;o;0.001475;0.008062;0.058000;0.070838;0.128840;0.105266;0.073889;0.317563;
0;2147483647;1000000;125000;8;17179.869176;1;0.000000;0.000202;0.338548;o;0.001397;0.008114;0.068184;0.074540;0.142725;0.106658;0.079412;0.338334;
0;2147483647;1000000;111112;9;19327.198205;1;0.000000;0.000190;0.345440;o;0.001250;0.008119;0.066599;0.078711;0.145312;0.107082;0.083445;0.345237;
0;2147483647;1000000;100000;10;21474.836470;1;0.000000;0.000169;0.350516;o;0.001110;0.008107;0.064415;0.082779;0.147196;0.107579;0.086312;0.350333;
0;2147483647;1000000;90910;11;23622.083896;1;0.000000;0.000155;0.354810;o;0.001011;0.008156;0.063488;0.085884;0.149373;0.108007;0.088061;0.354639;
0;2147483647;1000000;83334;12;25769.597607;1;0.000000;0.000160;0.356716;o;0.000926;0.008093;0.062052;0.086798;0.148852;0.108473;0.090169;0.356544;
0;2147483647;1000000;76924;13;27916.952408;1;0.000000;0.000141;0.358173;o;0.000861;0.008401;0.058881;0.088779;0.147661;0.109410;0.091658;0.358019;
0;2147483647;1000000;71429;14;30064.590670;1;0.000000;0.000134;0.357511;o;0.000872;0.008392;0.054497;0.089867;0.144365;0.110882;0.092817;0.357361;
0;2147483647;1000000;66667;15;32212.093645;1;0.000000;0.000135;0.356409;o;0.000738;0.007908;0.052840;0.091161;0.144003;0.111488;0.092096;0.356261;
0;2147483647;1000000;62500;16;34359.738352;1;0.000000;0.000109;0.358587;o;0.000673;0.007880;0.056406;0.090455;0.146861;0.111196;0.091828;0.358465;
0;2147483647;1000000;58824;17;36506.929944;1;0.000000;0.000105;0.360570;o;0.000627;0.007880;0.056708;0.091508;0.148217;0.110990;0.092712;0.360452;
0;2147483647;1000000;55556;18;38654.396411;1;0.000000;0.000107;0.364422;o;0.000670;0.009191;0.053565;0.092354;0.145920;0.113841;0.094646;0.364300;
0;2147483647;1000000;52632;19;40801.862878;1;0.000000;0.000101;0.365197;o;0.000608;0.008866;0.052618;0.093052;0.145671;0.115823;0.094080;0.365076;
0;2147483647;1000000;50000;20;42949.672940;1;0.000000;0.000103;0.367112;o;0.000540;0.008065;0.055215;0.093431;0.148647;0.115546;0.094166;0.366996;
0;2147483647;1000000;47620;21;45096.254662;1;0.000000;0.000091;0.365771;o;0.000512;0.008051;0.055115;0.093258;0.148375;0.114733;0.093967;0.365667;
0;2147483647;1000000;45455;22;47244.167792;1;0.000000;0.000103;0.366767;o;0.000566;0.008381;0.053362;0.092898;0.146262;0.116551;0.094849;0.366646;
0;2147483647;1000000;43479;23;49391.284229;1;0.000000;0.000089;0.368063;o;0.000487;0.008161;0.052087;0.093768;0.145856;0.119088;0.094339;0.367961;
0;2147483647;1000000;41667;24;51539.195214;1;0.000000;0.000105;0.369376;o;0.000442;0.008108;0.053902;0.093989;0.147893;0.118694;0.094089;0.369258;
0;2147483647;1000000;40000;25;53687.091175;1;0.000000;0.000079;0.368227;o;0.000431;0.008090;0.053598;0.093570;0.147168;0.118190;0.094228;0.368136;
0;2147483647;1000000;38462;26;55833.904815;1;0.000000;0.000100;0.373555;o;0.000458;0.008480;0.052456;0.093564;0.146021;0.120856;0.097587;0.373440;
0;2147483647;1000000;37038;27;57980.550975;1;0.000000;0.000075;0.372727;o;0.000399;0.008170;0.052176;0.094802;0.146979;0.122448;0.094613;0.372639;
0;2147483647;1000000;35715;28;60128.339549;1;0.000000;0.000070;0.372249;o;0.000379;0.008095;0.052974;0.094716;0.147691;0.121471;0.094503;0.372166;
0;2147483647;1000000;34483;29;62276.589827;1;0.000000;0.000087;0.375019;o;0.000406;0.008450;0.052498;0.094344;0.146844;0.123564;0.095624;0.374917;
0;2147483647;1000000;33334;30;64423.220946;1;0.000000;0.000072;0.378175;o;0.000367;0.008174;0.052877;0.096088;0.148966;0.125373;0.095179;0.378089;
0;2147483647;1000000;32259;31;66570.062525;1;0.000000;0.000068;0.375525;o;0.000339;0.008096;0.052208;0.095403;0.147612;0.124247;0.095122;0.375444;
0;2147483647;1000000;31250;32;68719.476704;1;0.000000;0.000082;0.378479;o;0.000381;0.008424;0.051436;0.094860;0.146297;0.126930;0.096317;0.378383;
0;2147483647;1000000;30304;33;70864.692681;1;0.000000;0.000065;0.378368;o;0.000357;0.008175;0.051253;0.095971;0.147225;0.127427;0.095071;0.378287;
0;2147483647;1000000;29412;34;73013.859887;1;0.000000;0.000064;0.378563;o;0.000303;0.008056;0.051812;0.095209;0.147022;0.126877;0.096197;0.378486;
0;2147483647;1000000;28572;35;75160.424437;1;0.000000;0.000074;0.381810;o;0.000346;0.008181;0.050784;0.095272;0.146057;0.130817;0.096292;0.381722;
0;2147483647;1000000;27778;36;77308.792822;1;0.000000;0.000082;0.379763;o;0.000289;0.008024;0.051289;0.095367;0.146658;0.129262;0.095404;0.379668;
0;2147483647;1000000;27028;37;79454.034594;1;0.000000;0.000077;0.382535;o;0.000313;0.008426;0.051190;0.094759;0.145951;0.131677;0.096047;0.382444;
0;2147483647;1000000;26316;38;81603.725756;1;0.000000;0.000076;0.385835;o;0.000291;0.008907;0.052907;0.096246;0.149155;0.132225;0.095138;0.385745;
0;2147483647;1000000;25642;39;83748.679783;1;0.000000;0.000082;0.384363;o;0.000272;0.008122;0.052303;0.094734;0.147038;0.132792;0.096010;0.384268;
0;2147483647;1000000;25000;40;85899.345880;1;0.000000;0.000055;0.385445;o;0.000262;0.008184;0.050277;0.096097;0.146376;0.135417;0.095107;0.385377;
0;2147483647;1000000;24391;41;88044.100160;1;0.000000;0.000082;0.386498;o;0.000256;0.008078;0.050914;0.095894;0.146809;0.134981;0.096248;0.386404;
0;2147483647;1000000;23810;42;90192.509324;1;0.000000;0.000056;0.388050;o;0.000267;0.008144;0.050294;0.095580;0.145876;0.138171;0.095491;0.387979;
0;2147483647;1000000;23256;43;92341.058093;1;0.000000;0.000070;0.385510;o;0.000228;0.007818;0.050202;0.095252;0.145455;0.136341;0.095556;0.385426;
0;2147483647;1000000;22728;44;94486.256908;1;0.000000;0.000055;0.385889;o;0.000233;0.008188;0.048675;0.095735;0.144411;0.138276;0.094681;0.385820;
0;2147483647;1000000;22223;45;96633.381947;1;0.000000;0.000053;0.386721;o;0.000215;0.007963;0.049864;0.094012;0.143878;0.139100;0.095464;0.386656;
0;2147483647;1000000;21740;46;98780.296550;1;0.000000;0.000058;0.391001;o;0.000242;0.008157;0.050152;0.096078;0.146231;0.141159;0.095112;0.390930;
0;2147483647;1000000;21277;47;100929.813743;1;0.000000;0.000059;0.392965;o;0.000220;0.008441;0.050338;0.094531;0.144871;0.143772;0.095559;0.392893;
0;2147483647;1000000;20834;48;103075.916627;1;0.000001;0.000050;0.393502;o;0.000210;0.008152;0.049992;0.096369;0.146363;0.143315;0.095371;0.393438;
0;2147483647;1000000;20409;49;105222.384585;1;0.000000;0.000052;0.394413;o;0.000242;0.008422;0.049651;0.094646;0.144298;0.145594;0.095758;0.394345;
0;2147483647;1000000;20000;50;107374.182350;1;0.000000;0.000057;0.395673;o;0.000196;0.008769;0.050250;0.095140;0.145392;0.145153;0.096062;0.395603;
0;2147483647;1000000;19608;51;109520.789831;1;0.000000;0.000050;0.396453;o;0.000228;0.008168;0.049511;0.094750;0.144262;0.148432;0.095267;0.396388;
0;2147483647;1000000;19231;52;111667.809630;1;0.000000;0.000050;0.399106;o;0.000196;0.008082;0.049697;0.095668;0.145367;0.149184;0.096183;0.399042;
0;2147483647;1000000;18868;53;113816.178026;1;0.000000;0.000047;0.398661;o;0.000214;0.008189;0.049244;0.096185;0.145430;0.149493;0.095247;0.398600;
0;2147483647;1000000;18519;54;115961.101949;1;0.000000;0.000048;0.399785;o;0.000220;0.008398;0.049214;0.094751;0.143966;0.151643;0.095460;0.399720;
0;2147483647;1000000;18182;55;118110.419481;1;0.000000;0.000046;0.402966;o;0.000178;0.008070;0.049840;0.095799;0.145640;0.152548;0.096442;0.402907;
0;2147483647;1000000;17858;56;120253.312073;1;0.000000;0.000060;0.402348;o;0.000177;0.008169;0.048997;0.096381;0.145379;0.153039;0.095476;0.402274;
0;2147483647;1000000;17544;57;122405.588634;1;0.000000;0.000066;0.403809;o;0.000210;0.008422;0.049145;0.094617;0.143763;0.155825;0.095470;0.403727;
0;2147483647;1000000;17242;58;124549.567742;1;0.000000;0.000052;0.405539;o;0.000169;0.008078;0.049735;0.095321;0.145057;0.156305;0.095831;0.405472;
0;2147483647;1000000;16950;59;126695.200413;1;0.000000;0.000057;0.406196;o;0.000190;0.008251;0.049424;0.095890;0.145315;0.156840;0.095500;0.406126;
0;2147483647;1000000;16667;60;128846.441891;1;0.000000;0.000045;0.406135;o;0.000201;0.008357;0.048881;0.094472;0.143354;0.159030;0.095106;0.406075;
0;2147483647;1000000;16394;61;130992.048737;1;0.000000;0.000050;0.408415;o;0.000157;0.008070;0.049620;0.094718;0.144340;0.160446;0.095305;0.408352;
0;2147483647;1000000;16130;62;133135.997954;1;0.000000;0.000063;0.411207;o;0.000156;0.008077;0.049203;0.096149;0.145353;0.161169;0.096343;0.411130;
0;2147483647;1000000;15874;63;135283.082210;1;0.000000;0.000048;0.411262;o;0.000160;0.008892;0.048851;0.095641;0.144493;0.162744;0.094883;0.411202;
0;2147483647;1000000;15625;64;137438.953408;1;0.000000;0.000045;0.412116;o;0.000189;0.008417;0.049001;0.094523;0.143524;0.164890;0.095009;0.412056;
0;2147483647;1000000;15385;65;139582.947481;1;0.000000;0.000044;0.413723;o;0.000147;0.008101;0.049252;0.094752;0.144006;0.165854;0.095532;0.413666;
0;2147483647;1000000;15152;66;141729.385362;1;0.000000;0.000042;0.414600;o;0.000146;0.008041;0.049508;0.094909;0.144419;0.166373;0.095542;0.414546;
0;2147483647;1000000;14926;67;143875.361584;1;0.000000;0.000048;0.414385;o;0.000157;0.008212;0.048663;0.095805;0.144469;0.165610;0.095844;0.414323;
0;2147483647;1000000;14706;68;146027.719774;1;0.000000;0.000046;0.414465;o;0.000146;0.008057;0.047124;0.095954;0.143079;0.167301;0.095792;0.414405;
0;2147483647;1000000;14493;69;148173.852688;1;0.000000;0.000044;0.413668;o;0.000151;0.007893;0.047254;0.094241;0.141497;0.168896;0.095144;0.413610;
0;2147483647;1000000;14286;70;150320.848873;1;0.000000;0.000052;0.417717;o;0.000175;0.008232;0.047103;0.094113;0.141217;0.172584;0.095412;0.417652;
0;2147483647;1000000;14085;71;152466.002627;1;0.000000;0.000050;0.421192;o;0.000167;0.008377;0.049078;0.094212;0.143291;0.174093;0.095168;0.421127;
0;2147483647;1000000;13889;72;154617.585643;1;0.000000;0.000044;0.422660;o;0.000129;0.008137;0.049161;0.094366;0.143528;0.175707;0.095074;0.422604;
0;2147483647;1000000;13699;73;156762.073655;1;0.000000;0.000044;0.425323;o;0.000127;0.007977;0.048904;0.095362;0.144267;0.177078;0.095784;0.425266;
0;2147483647;1000000;13514;74;158908.069188;1;0.000000;0.000041;0.425103;o;0.000125;0.008061;0.048127;0.095250;0.143379;0.177361;0.096091;0.425048;
0;2147483647;1000000;13334;75;161053.220864;1;0.000000;0.000053;0.426924;o;0.000123;0.008042;0.048564;0.095278;0.143843;0.179158;0.095658;0.426859;
0;2147483647;1000000;13158;76;163207.451512;1;0.000000;0.000040;0.428879;o;0.000122;0.008070;0.048249;0.095912;0.144162;0.180858;0.095590;0.428827;
0;2147483647;1000000;12988;77;165343.674700;1;0.000000;0.000043;0.430490;o;0.000121;0.008817;0.048366;0.095768;0.144135;0.181690;0.095629;0.430434;
0;2147483647;1000000;12821;78;167497.359566;1;0.000000;0.000041;0.431485;o;0.000127;0.008125;0.048757;0.095870;0.144627;0.182876;0.095646;0.431430;
0;2147483647;1000000;12659;79;169640.860021;1;0.000000;0.000042;0.433113;o;0.000127;0.008150;0.048659;0.095413;0.144074;0.185220;0.095460;0.433059;
0;2147483647;1000000;12500;80;171798.691760;1;0.000000;0.000072;0.433823;o;0.000124;0.008108;0.047834;0.095838;0.143674;0.186510;0.095289;0.433738;
0;2147483647;1000000;12346;81;173941.652924;1;0.000000;0.000042;0.436152;o;0.000116;0.007930;0.048212;0.095894;0.144107;0.188116;0.095795;0.436096;
0;2147483647;1000000;12196;82;176080.981223;1;0.000000;0.000040;0.437153;o;0.000112;0.007931;0.048080;0.096022;0.144103;0.188909;0.096017;0.437100;
0;2147483647;1000000;12049;83;178229.201345;1;0.000000;0.000043;0.436779;o;0.000112;0.007869;0.048205;0.094937;0.143143;0.190076;0.095491;0.436724;
0;2147483647;1000000;11905;84;180385.018648;1;0.000000;0.000043;0.437894;o;0.000110;0.008095;0.048289;0.094562;0.142853;0.191707;0.095045;0.437839;
0;2147483647;1000000;11765;85;182531.546706;1;0.000000;0.000041;0.440471;o;0.000107;0.008078;0.048268;0.095527;0.143796;0.193202;0.095202;0.440417;
0;2147483647;1000000;11628;86;184682.116185;1;0.000000;0.000042;0.442277;o;0.000106;0.007999;0.048521;0.095443;0.143965;0.194522;0.095603;0.442223;
0;2147483647;1000000;11495;87;186818.934058;1;0.000000;0.000040;0.442695;o;0.000106;0.008268;0.048304;0.094353;0.142659;0.196503;0.095080;0.442643;
0;2147483647;1000000;11364;88;188972.513816;1;0.000000;0.000041;0.446251;o;0.000138;0.008409;0.047900;0.094634;0.142535;0.198717;0.096366;0.446195;
0;2147483647;1000000;11236;89;191125.280082;1;0.000000;0.000045;0.447909;o;0.000107;0.008163;0.048296;0.095232;0.143530;0.199312;0.096709;0.447850;
0;2147483647;1000000;11112;90;193258.067585;1;0.000000;0.000049;0.449398;o;0.000103;0.008157;0.047073;0.095678;0.142752;0.202614;0.095679;0.449336;
0;2147483647;1000000;10990;91;195403.425569;1;0.000000;0.000039;0.445419;o;0.000099;0.007824;0.047291;0.095880;0.143173;0.199429;0.094815;0.445367;
0;2147483647;1000000;10870;92;197560.593100;1;0.000000;0.000039;0.446988;o;0.000097;0.007790;0.047395;0.095323;0.142719;0.201044;0.095259;0.446937;
0;2147483647;1000000;10753;93;199710.187576;1;0.000000;0.000040;0.449430;o;0.000131;0.008397;0.046485;0.093584;0.140070;0.204787;0.095961;0.449376;
0;2147483647;1000000;10639;94;201850.140709;1;0.000000;0.000051;0.454464;o;0.000102;0.008144;0.047570;0.095654;0.143225;0.207433;0.095465;0.454400;
0;2147483647;1000000;10527;95;203997.686615;1;0.000000;0.000043;0.455576;o;0.000098;0.008269;0.048265;0.095513;0.143780;0.207956;0.095388;0.455519;
0;2147483647;1000000;10417;96;206151.833253;1;0.000000;0.000041;0.457451;o;0.000096;0.008096;0.048367;0.095193;0.143561;0.209639;0.095972;0.457396;
0;2147483647;1000000;10310;97;208291.333366;1;0.000000;0.000039;0.460881;o;0.000126;0.008336;0.047438;0.094568;0.142007;0.212215;0.098113;0.460827;
0;2147483647;1000000;10205;98;210434.458305;1;0.000000;0.000056;0.460123;o;0.000109;0.008130;0.047714;0.095527;0.143242;0.213855;0.094687;0.460054;
0;2147483647;1000000;10102;99;212580.048208;1;0.000000;0.000059;0.461526;o;0.000093;0.008264;0.047992;0.095297;0.143291;0.214447;0.095327;0.461453;
0;2147483647;1000000;1000000;1;2147.483647;1;0.000000;0.000240;0.291447;o;0.007554;0.007449;0.109417;0.061814;0.171232;0.055853;0.049066;0.291190;
0;2147483647;1000000;500000;2;4294.967294;1;0.000000;0.000229;0.289063;o;0.003984;0.007297;0.095785;0.056438;0.152224;0.076403;0.048884;0.288820;
0;2147483647;1000000;333334;3;6442.438056;1;0.000000;0.000310;0.298806;o;0.002609;0.007733;0.085587;0.059038;0.144626;0.091667;0.051821;0.298483;
0;2147483647;1000000;250000;4;8589.934588;1;0.000000;0.000208;0.299672;o;0.001990;0.007799;0.074809;0.057806;0.132616;0.098950;0.058068;0.299451;
0;2147483647;1000000;200000;5;10737.418235;1;0.000000;0.000175;0.307974;o;0.001557;0.007519;0.073733;0.060357;0.134091;0.102974;0.061606;0.307784;
0;2147483647;1000000;166667;6;12884.876112;1;0.000000;0.000291;0.314557;o;0.002033;0.007482;0.066236;0.065200;0.131438;0.105355;0.067915;0.314252;
0;2147483647;1000000;142858;7;15032.295335;1;0.000000;0.000251;0.323985;o;0.001556;0.007716;0.065552;0.070382;0.135936;0.105129;0.073352;0.323720;
0;2147483647;1000000;125000;8;17179.869176;1;0.000000;0.000206;0.338521;o;0.001431;0.008130;0.068570;0.074509;0.143081;0.106253;0.079376;0.338302;
0;2147483647;1000000;111112;9;19327.198205;1;0.000000;0.000184;0.346616;o;0.001236;0.008081;0.066377;0.079044;0.145422;0.107592;0.084055;0.346419;
0;2147483647;1000000;100000;10;21474.836470;1;0.000000;0.000204;0.351045;o;0.001128;0.008857;0.064319;0.082170;0.146490;0.108221;0.086102;0.350829;
0;2147483647;1000000;90910;11;23622.083896;1;0.000000;0.000193;0.355734;o;0.001213;0.008787;0.063751;0.085377;0.149130;0.107933;0.088434;0.355529;
0;2147483647;1000000;83334;12;25769.597607;1;0.000000;0.000147;0.357250;o;0.000927;0.008330;0.061970;0.087822;0.149793;0.108398;0.089617;0.357092;
0;2147483647;1000000;76924;13;27916.952408;1;0.000000;0.000131;0.356891;o;0.000874;0.008386;0.059027;0.088661;0.147690;0.109084;0.090682;0.356747;
0;2147483647;1000000;71429;14;30064.590670;1;0.000000;0.000147;0.357313;o;0.000876;0.008440;0.054949;0.089898;0.144849;0.110702;0.092251;0.357150;
0;2147483647;1000000;66667;15;32212.093645;1;0.000000;0.000121;0.359135;o;0.000787;0.008164;0.054055;0.090758;0.144814;0.112499;0.092708;0.359001;
0;2147483647;1000000;62500;16;34359.738352;1;0.000000;0.000119;0.364018;o;0.000711;0.008208;0.056620;0.092458;0.149079;0.112556;0.093303;0.363886;
0;2147483647;1000000;58824;17;36506.929944;1;0.000000;0.000102;0.363534;o;0.000647;0.008115;0.057144;0.092233;0.149378;0.112200;0.093043;0.363416;
0;2147483647;1000000;55556;18;38654.396411;1;0.000000;0.000130;0.362744;o;0.000612;0.008124;0.057381;0.091679;0.149062;0.112177;0.092595;0.362602;
0;2147483647;1000000;52632;19;40801.862878;1;0.000000;0.000117;0.362804;o;0.000641;0.008475;0.053314;0.091787;0.145103;0.113799;0.094622;0.362673;
0;2147483647;1000000;50000;20;42949.672940;1;0.000000;0.000096;0.363274;o;0.000550;0.007959;0.051813;0.093160;0.144975;0.115265;0.094387;0.363164;
0;2147483647;1000000;47620;21;45096.254662;1;0.000000;0.000093;0.363165;o;0.000503;0.007810;0.054194;0.092505;0.146700;0.114554;0.093468;0.363060;
0;2147483647;1000000;45455;22;47244.167792;1;0.000000;0.000095;0.366133;o;0.000482;0.007918;0.054678;0.092113;0.146792;0.116052;0.094751;0.366025;
0;2147483647;1000000;43479;23;49391.284229;1;0.000000;0.000084;0.368390;o;0.000522;0.008262;0.052510;0.093041;0.145553;0.119301;0.094607;0.368283;
0;2147483647;1000000;41667;24;51539.195214;1;0.000000;0.000084;0.370231;o;0.000474;0.008173;0.053777;0.094284;0.148062;0.119332;0.094063;0.370133;
0;2147483647;1000000;40000;25;53687.091175;1;0.000000;0.000087;0.369659;o;0.000433;0.008088;0.054151;0.094280;0.148433;0.118647;0.093931;0.369560;
0;2147483647;1000000;38462;26;55833.904815;1;0.000000;0.000089;0.373933;o;0.000431;0.009184;0.052915;0.094048;0.146964;0.120761;0.096461;0.373831;
0;2147483647;1000000;37038;27;57980.550975;1;0.000000;0.000088;0.372928;o;0.000402;0.008331;0.051357;0.095374;0.146732;0.122310;0.095017;0.372825;
0;2147483647;1000000;35715;28;60128.339549;1;0.000000;0.000077;0.370869;o;0.000386;0.008024;0.052672;0.093731;0.146405;0.120949;0.094990;0.370779;
0;2147483647;1000000;34483;29;62276.589827;1;0.000000;0.000074;0.374909;o;0.000362;0.008140;0.054067;0.093745;0.147813;0.122423;0.096052;0.374821;
0;2147483647;1000000;33334;30;64423.220946;1;0.000000;0.000075;0.377051;o;0.000379;0.008150;0.051234;0.095160;0.146395;0.126119;0.095891;0.376963;
0;2147483647;1000000;32259;31;66570.062525;1;0.000000;0.000116;0.375621;o;0.000349;0.008062;0.051933;0.095381;0.147315;0.124612;0.095123;0.375493;
0;2147483647;1000000;31250;32;68719.476704;1;0.000000;0.000089;0.378855;o;0.000331;0.008377;0.051982;0.094898;0.146882;0.126737;0.096390;0.378752;
0;2147483647;1000000;30304;33;70864.692681;1;0.000000;0.000089;0.380261;o;0.000346;0.008178;0.051973;0.096183;0.148156;0.128036;0.095412;0.380159;
0;2147483647;1000000;29412;34;73013.859887;1;0.000000;0.000070;0.378725;o;0.000306;0.008069;0.051880;0.094993;0.146874;0.127201;0.096164;0.378642;
0;2147483647;1000000;28572;35;75160.424437;1;0.000000;0.000079;0.381385;o;0.000341;0.008161;0.050856;0.095160;0.146017;0.130692;0.096042;0.381286;
0;2147483647;1000000;27778;36;77308.792822;1;0.000000;0.000063;0.380267;o;0.000291;0.008265;0.050760;0.095545;0.146306;0.129954;0.095344;0.380191;
0;2147483647;1000000;27028;37;79454.034594;1;0.000000;0.000059;0.382990;o;0.000325;0.008389;0.051078;0.094660;0.145739;0.132709;0.095726;0.382917;
0;2147483647;1000000;26316;38;81603.725756;1;0.000000;0.000065;0.383680;o;0.000293;0.008133;0.052273;0.096058;0.148333;0.131680;0.095134;0.383601;
0;2147483647;1000000;25642;39;83748.679783;1;0.000000;0.000092;0.384273;o;0.000261;0.008143;0.050718;0.094957;0.145677;0.133483;0.096573;0.384169;
0;2147483647;1000000;25000;40;85899.345880;1;0.000000;0.000064;0.385662;o;0.000258;0.008161;0.050337;0.096027;0.146365;0.135493;0.095281;0.385585;
0;2147483647;1000000;24391;41;88044.100160;1;0.000000;0.000064;0.384945;o;0.000250;0.008086;0.050556;0.095113;0.145671;0.134794;0.096025;0.384866;
0;2147483647;1000000;23810;42;90192.509324;1;0.000000;0.000076;0.389012;o;0.000247;0.008389;0.050133;0.096250;0.146384;0.138339;0.095534;0.388922;
0;2147483647;1000000;23256;43;92341.058093;1;0.000000;0.000059;0.388277;o;0.000233;0.008088;0.050384;0.095724;0.146109;0.137554;0.096190;0.388205;
0;2147483647;1000000;22728;44;94486.256908;1;0.000000;0.000057;0.388634;o;0.000238;0.008166;0.049597;0.095438;0.145037;0.140028;0.095068;0.388564;
0;2147483647;1000000;22223;45;96633.381947;1;0.000000;0.000071;0.388799;o;0.000217;0.007796;0.050779;0.095328;0.146109;0.138582;0.095983;0.388715;
0;2147483647;1000000;21740;46;98780.296550;1;0.000000;0.000062;0.388377;o;0.000221;0.008006;0.048990;0.095780;0.144771;0.140852;0.094423;0.388301;
0;2147483647;1000000;21277;47;100929.813743;1;0.000000;0.000058;0.388957;o;0.000207;0.008236;0.049517;0.094117;0.143635;0.141785;0.094998;0.388887;
0;2147483647;1000000;20834;48;103075.916627;1;0.000000;0.000056;0.389589;o;0.000205;0.007862;0.048939;0.095711;0.144652;0.141403;0.095372;0.389521;
0;2147483647;1000000;20409;49;105222.384585;1;0.000000;0.000049;0.393906;o;0.000249;0.008402;0.049467;0.094489;0.143958;0.145777;0.095419;0.393840;
0;2147483647;1000000;20000;50;107374.182350;1;0.000000;0.000069;0.395180;o;0.000199;0.008069;0.050421;0.095110;0.145532;0.145181;0.096089;0.395099;
0;2147483647;1000000;19608;51;109520.789831;1;0.000000;0.000055;0.396264;o;0.000214;0.008169;0.049261;0.094945;0.144207;0.148434;0.095140;0.396195;
0;2147483647;1000000;19231;52;111667.809630;1;0.000000;0.000068;0.398210;o;0.000189;0.008055;0.049668;0.095328;0.144997;0.148714;0.096146;0.398130;
0;2147483647;1000000;18868;53;113816.178026;1;0.000000;0.000052;0.398112;o;0.000204;0.008156;0.049304;0.095926;0.145232;0.149397;0.095029;0.398046;
0;2147483647;1000000;18519;54;115961.101949;1;0.000000;0.000049;0.400226;o;0.000222;0.008425;0.049459;0.094533;0.143993;0.152033;0.095461;0.400163;
0;2147483647;1000000;18182;55;118110.419481;1;0.000000;0.000049;0.400040;o;0.000178;0.008071;0.049451;0.095097;0.144549;0.151236;0.095918;0.399978;
0;2147483647;1000000;17858;56;120253.312073;1;0.000000;0.000064;0.402944;o;0.000178;0.008175;0.048910;0.096147;0.145059;0.154236;0.095186;0.402867;
0;2147483647;1000000;17544;57;122405.588634;1;0.000000;0.000054;0.402718;o;0.000180;0.008396;0.049435;0.094286;0.143723;0.154877;0.095442;0.402650;
0;2147483647;1000000;17242;58;124549.567742;1;0.000000;0.000053;0.404377;o;0.000166;0.008073;0.049275;0.095251;0.144528;0.155404;0.096111;0.404311;
0;2147483647;1000000;16950;59;126695.200413;1;0.000000;0.000044;0.406006;o;0.000168;0.007987;0.048514;0.095831;0.144346;0.158041;0.095374;0.405947;
0;2147483647;1000000;16667;60;128846.441891;1;0.000000;0.000068;0.406641;o;0.000201;0.008436;0.048874;0.094342;0.143218;0.159583;0.095079;0.406555;
0;2147483647;1000000;16394;61;130992.048737;1;0.000000;0.000047;0.408340;o;0.000158;0.008241;0.048813;0.095582;0.144396;0.159448;0.096002;0.408276;
0;2147483647;1000000;16130;62;133135.997954;1;0.000000;0.000049;0.410435;o;0.000168;0.008149;0.048873;0.095824;0.144699;0.161196;0.096124;0.410371;
0;2147483647;1000000;15874;63;135283.082210;1;0.000000;0.000052;0.410535;o;0.000155;0.008154;0.048254;0.095192;0.143447;0.163371;0.095312;0.410469;
0;2147483647;1000000;15625;64;137438.953408;1;0.000000;0.000048;0.412314;o;0.000191;0.008415;0.048763;0.094586;0.143350;0.165114;0.095151;0.412250;
0;2147483647;1000000;15385;65;139582.947481;1;0.000000;0.000058;0.413813;o;0.000146;0.008087;0.049538;0.095003;0.144542;0.165300;0.095630;0.413734;
0;2147483647;1000000;15152;66;141729.385362;1;0.000000;0.000063;0.414935;o;0.000145;0.008080;0.049904;0.094986;0.144892;0.165888;0.095826;0.414860;
0;2147483647;1000000;14926;67;143875.361584;1;0.000000;0.000051;0.417293;o;0.000167;0.008154;0.048787;0.096083;0.144871;0.167674;0.096332;0.417229;
0;2147483647;1000000;14706;68;146027.719774;1;0.000000;0.000055;0.417156;o;0.000160;0.008207;0.048734;0.094503;0.143239;0.170272;0.095178;0.417086;
0;2147483647;1000000;14493;69;148173.852688;1;0.000000;0.000051;0.417353;o;0.000174;0.008376;0.048627;0.093961;0.142589;0.171045;0.095070;0.417287;
0;2147483647;1000000;14286;70;150320.848873;1;0.000000;0.000055;0.419656;o;0.000133;0.008168;0.049016;0.094249;0.143266;0.173239;0.094754;0.419589;
0;2147483647;1000000;14085;71;152466.002627;1;0.000000;0.000045;0.419222;o;0.000128;0.007833;0.048717;0.095225;0.143944;0.171905;0.095327;0.419165;
0;2147483647;1000000;13889;72;154617.585643;1;0.000000;0.000048;0.418669;o;0.000127;0.007811;0.047718;0.094952;0.142671;0.172987;0.094986;0.418608;
0;2147483647;1000000;13699;73;156762.073655;1;0.000000;0.000046;0.418224;o;0.000124;0.008017;0.047520;0.094353;0.141873;0.172937;0.095186;0.418165;
0;2147483647;1000000;13514;74;158908.069188;1;0.000000;0.000050;0.425176;o;0.000120;0.007771;0.048533;0.095405;0.143939;0.178101;0.095156;0.425115;
0;2147483647;1000000;13334;75;161053.220864;1;0.000000;0.000063;0.429639;o;0.000133;0.008123;0.048419;0.098095;0.146515;0.179406;0.095357;0.429563;
0;2147483647;1000000;13158;76;163207.451512;1;0.000000;0.000043;0.428848;o;0.000129;0.008892;0.048631;0.095593;0.144226;0.180118;0.095391;0.428793;
0;2147483647;1000000;12988;77;165343.674700;1;0.000000;0.000048;0.431626;o;0.000135;0.009106;0.048146;0.095798;0.143945;0.182395;0.095951;0.431565;
0;2147483647;1000000;12821;78;167497.359566;1;0.000000;0.000043;0.431382;o;0.000125;0.008155;0.048048;0.095959;0.144009;0.183342;0.095660;0.431325;
0;2147483647;1000000;12659;79;169640.860021;1;0.000000;0.000049;0.433176;o;0.000130;0.008186;0.047719;0.095849;0.143569;0.185469;0.095722;0.433112;
0;2147483647;1000000;12500;80;171798.691760;1;0.000000;0.000077;0.434202;o;0.000119;0.008043;0.048034;0.095638;0.143674;0.186606;0.095627;0.434110;
0;2147483647;1000000;12346;81;173941.652924;1;0.000000;0.000044;0.435573;o;0.000124;0.007965;0.047806;0.095748;0.143555;0.188040;0.095801;0.435515;
0;2147483647;1000000;12196;82;176080.981223;1;0.000000;0.000054;0.438244;o;0.000107;0.007988;0.048166;0.095916;0.144083;0.189738;0.096232;0.438178;
0;2147483647;1000000;12049;83;178229.201345;1;0.000000;0.000047;0.437772;o;0.000112;0.007928;0.048213;0.095115;0.143329;0.191007;0.095303;0.437711;
0;2147483647;1000000;11905;84;180385.018648;1;0.000000;0.000044;0.439043;o;0.000109;0.008142;0.048043;0.095097;0.143142;0.192313;0.095246;0.438984;
0;2147483647;1000000;11765;85;182531.546706;1;0.000000;0.000044;0.440727;o;0.000109;0.008133;0.048193;0.095374;0.143568;0.193292;0.095532;0.440667;
0;2147483647;1000000;11628;86;184682.116185;1;0.000000;0.000061;0.440996;o;0.000113;0.008127;0.048104;0.094649;0.142754;0.194783;0.095107;0.440919;
0;2147483647;1000000;11495;87;186818.934058;1;0.000000;0.000057;0.441412;o;0.000118;0.008404;0.047790;0.094309;0.142101;0.195457;0.095230;0.441341;
0;2147483647;1000000;11364;88;188972.513816;1;0.000000;0.000050;0.445029;o;0.000139;0.008414;0.047786;0.094251;0.142038;0.198204;0.096134;0.444961;
0;2147483647;1000000;11236;89;191125.280082;1;0.000000;0.000040;0.447129;o;0.000122;0.008142;0.047484;0.094566;0.142051;0.200517;0.096216;0.447076;
0;2147483647;1000000;11112;90;193258.067585;1;0.000000;0.000040;0.449234;o;0.000112;0.008140;0.048001;0.095504;0.143506;0.201884;0.095510;0.449180;
0;2147483647;1000000;10990;91;195403.425569;1;0.000000;0.000049;0.449121;o;0.000101;0.008071;0.048035;0.095402;0.143438;0.202291;0.095129;0.449059;
0;2147483647;1000000;10870;92;197560.593100;1;0.000000;0.000047;0.449911;o;0.000102;0.008080;0.048607;0.094941;0.143549;0.203088;0.095003;0.449851;
0;2147483647;1000000;10753;93;199710.187576;1;0.000000;0.000079;0.452685;o;0.000114;0.008415;0.048449;0.094457;0.142907;0.204731;0.096389;0.452592;
0;2147483647;1000000;10639;94;201850.140709;1;0.000000;0.000044;0.452624;o;0.000125;0.008080;0.048038;0.094207;0.142246;0.206864;0.095222;0.452566;
0;2147483647;1000000;10527;95;203997.686615;1;0.000000;0.000039;0.449976;o;0.000104;0.007861;0.046713;0.095615;0.142329;0.205083;0.094520;0.449924;
0;2147483647;1000000;10417;96;206151.833253;1;0.000000;0.000050;0.452259;o;0.000098;0.008001;0.047124;0.094857;0.141982;0.206647;0.095441;0.452196;
0;2147483647;1000000;10310;97;208291.333366;1;0.000000;0.000039;0.456669;o;0.000125;0.008122;0.046301;0.093863;0.140165;0.212397;0.095777;0.456614;
0;2147483647;1000000;10205;98;210434.458305;1;0.000000;0.000038;0.462197;o;0.000096;0.008124;0.047935;0.095982;0.143918;0.214422;0.095557;0.462146;
0;2147483647;1000000;10102;99;212580.048208;1;0.000000;0.000042;0.459850;o;0.000092;0.008035;0.047645;0.094872;0.142518;0.213824;0.095299;0.459795;
0;2147483647;1000000;1000000;1;2147.483647;1;0.000000;0.000328;0.292169;o;0.007598;0.008165;0.109638;0.061683;0.171323;0.055455;0.049257;0.291826;
0;2147483647;1000000;500000;2;4294.967294;1;0.000000;0.000212;0.287987;o;0.003719;0.007687;0.095240;0.055661;0.150903;0.076744;0.048679;0.287762;
0;2147483647;1000000;333334;3;6442.438056;1;0.000000;0.000319;0.298827;o;0.002675;0.007937;0.085467;0.058541;0.144009;0.091465;0.052380;0.298496;
0;2147483647;1000000;250000;4;8589.934588;1;0.000000;0.000230;0.299100;o;0.001908;0.007856;0.074202;0.057739;0.131942;0.098928;0.058190;0.298857;
0;2147483647;1000000;200000;5;10737.418235;1;0.000000;0.000292;0.313552;o;0.001604;0.008027;0.076271;0.061735;0.138007;0.103144;0.062437;0.313248;
0;2147483647;1000000;166667;6;12884.876112;1;0.000000;0.000119;0.313549;o;0.001670;0.007952;0.067133;0.063570;0.130705;0.106009;0.067054;0.313418;
0;2147483647;1000000;142858;7;15032.295335;1;0.000000;0.000227;0.319569;o;0.001178;0.008461;0.061227;0.070120;0.131349;0.104802;0.073509;0.319328;
0;2147483647;1000000;125000;8;17179.869176;1;0.000000;0.000209;0.336698;o;0.001400;0.008116;0.068155;0.073569;0.141726;0.106587;0.078614;0.336475;
0;2147483647;1000000;111112;9;19327.198205;1;0.000000;0.000189;0.346554;o;0.001244;0.008111;0.066175;0.079668;0.145844;0.107278;0.083845;0.346352;
0;2147483647;1000000;100000;10;21474.836470;1;0.000000;0.000169;0.351705;o;0.001126;0.008792;0.064455;0.083086;0.147543;0.107812;0.086223;0.351524;
0;2147483647;1000000;90910;11;23622.083896;1;0.000000;0.000156;0.355353;o;0.001018;0.008169;0.063391;0.085571;0.148964;0.108518;0.088485;0.355184;
0;2147483647;1000000;83334;12;25769.597607;1;0.000000;0.000145;0.357371;o;0.000918;0.008093;0.061648;0.087359;0.149008;0.109107;0.090059;0.357213;
0;2147483647;1000000;76924;13;27916.952408;1;0.000000;0.000129;0.357065;o;0.000851;0.008345;0.059322;0.088611;0.147935;0.108963;0.090797;0.356922;
0;2147483647;1000000;71429;14;30064.590670;1;0.000000;0.000174;0.356265;o;0.000866;0.008432;0.054737;0.089713;0.144451;0.110265;0.092031;0.356076;
0;2147483647;1000000;66667;15;32212.093645;1;0.000000;0.000121;0.359926;o;0.000794;0.008358;0.053826;0.091063;0.144890;0.112794;0.092924;0.359790;
0;2147483647;1000000;62500;16;34359.738352;1;0.000000;0.000109;0.363606;o;0.000707;0.008189;0.056043;0.092526;0.148571;0.112663;0.093325;0.363484;
0;2147483647;1000000;58824;17;36506.929944;1;0.000000;0.000110;0.364782;o;0.000643;0.008106;0.057703;0.092410;0.150113;0.112856;0.092914;0.364659;
0;2147483647;1000000;55556;18;38654.396411;1;0.000000;0.000104;0.363487;o;0.000605;0.008063;0.057005;0.091263;0.148270;0.113019;0.093387;0.363370;
0;2147483647;1000000;52632;19;40801.862878;1;0.000000;0.000098;0.364641;o;0.000634;0.008603;0.054286;0.092081;0.146368;0.114182;0.094712;0.364528;
0;2147483647;1000000;50000;20;42949.672940;1;0.000000;0.000096;0.364913;o;0.000594;0.008348;0.052180;0.093027;0.145208;0.116562;0.094057;0.364801;
0;2147483647;1000000;47620;21;45096.254662;1;0.000000;0.000086;0.368111;o;0.000528;0.008351;0.054941;0.093765;0.148708;0.116466;0.093932;0.368012;
0;2147483647;1000000;45455;22;47244.167792;1;0.000000;0.000083;0.366093;o;0.000493;0.008077;0.054538;0.092812;0.147352;0.116176;0.093873;0.365997;
0;2147483647;1000000;43479;23;49391.284229;1;0.000000;0.000095;0.366337;o;0.000509;0.008411;0.052717;0.092712;0.145431;0.117136;0.094710;0.366227;
0;2147483647;1000000;41667;24;51539.195214;1;0.000000;0.000083;0.366652;o;0.000439;0.007943;0.050940;0.093962;0.144904;0.119062;0.094175;0.366555;
0;2147483647;1000000;40000;25;53687.091175;1;0.000000;0.000080;0.364946;o;0.000412;0.007827;0.052739;0.093227;0.145968;0.117468;0.093151;0.364854;
0;2147483647;1000000;38462;26;55833.904815;1;0.000000;0.000079;0.369447;o;0.000421;0.008374;0.052026;0.093210;0.145237;0.119868;0.095426;0.369355;
0;2147483647;1000000;37038;27;57980.550975;1;0.000000;0.000070;0.373674;o;0.000399;0.008151;0.051754;0.095378;0.147134;0.122562;0.095319;0.373592;
0;2147483647;1000000;35715;28;60128.339549;1;0.000000;0.000074;0.372962;o;0.000376;0.008025;0.052662;0.094943;0.147607;0.122061;0.094777;0.372875;
0;2147483647;1000000;34483;29;62276.589827;1;0.000000;0.000072;0.373613;o;0.000365;0.008190;0.052851;0.094349;0.147202;0.122077;0.095666;0.373529;
0;2147483647;1000000;33334;30;64423.220946;1;0.000000;0.000076;0.377747;o;0.000380;0.008152;0.051595;0.095729;0.147325;0.125738;0.096023;0.377655;
0;2147483647;1000000;32259;31;66570.062525;1;0.000000;0.000068;0.374788;o;0.000341;0.008721;0.051978;0.094896;0.146875;0.124004;0.094733;0.374707;
0;2147483647;1000000;31250;32;68719.476704;1;0.000000;0.000081;0.379678;o;0.000344;0.008406;0.052437;0.094704;0.147142;0.127191;0.096469;0.379583;
0;2147483647;1000000;30304;33;70864.692681;1;0.000000;0.000065;0.379561;o;0.000324;0.008212;0.051455;0.095960;0.147416;0.128340;0.095159;0.379482;
0;2147483647;1000000;29412;34;73013.859887;1;0.000000;0.000079;0.379459;o;0.000309;0.008049;0.051601;0.096042;0.147644;0.127236;0.096090;0.379366;
0;2147483647;1000000;28572;35;75160.424437;1;0.000000;0.000068;0.381849;o;0.000342;0.008480;0.050589;0.095226;0.145817;0.130838;0.096257;0.381764;
0;2147483647;1000000;27778;36;77308.792822;1;0.000000;0.000066;0.379897;o;0.000286;0.008085;0.050977;0.095767;0.146745;0.129437;0.095235;0.379818;
0;2147483647;1000000;27028;37;79454.034594;1;0.000000;0.000059;0.383755;o;0.000313;0.008390;0.051310;0.094789;0.146101;0.132745;0.096105;0.383682;
0;2147483647;1000000;26316;38;81603.725756;1;0.000000;0.000057;0.383284;o;0.000293;0.008867;0.050799;0.096211;0.147011;0.131885;0.095131;0.383215;
0;2147483647;1000000;25642;39;83748.679783;1;0.000000;0.000093;0.385550;o;0.000269;0.008085;0.051261;0.095155;0.146417;0.133870;0.096771;0.385444;
0;2147483647;1000000;25000;40;85899.345880;1;0.000000;0.000059;0.385692;o;0.000271;0.008127;0.049980;0.096313;0.146295;0.135758;0.095135;0.385617;
0;2147483647;1000000;24391;41;88044.100160;1;0.000000;0.000059;0.387110;o;0.000250;0.008092;0.050936;0.095450;0.146388;0.135716;0.096557;0.387036;
0;2147483647;1000000;23810;42;90192.509324;1;0.000000;0.000051;0.388904;o;0.000252;0.008195;0.050233;0.096332;0.146566;0.138393;0.095406;0.388841;
0;2147483647;1000000;23256;43;92341.058093;1;0.000000;0.000088;0.389342;o;0.000248;0.008088;0.050406;0.095940;0.146348;0.137713;0.096810;0.389241;
0;2147483647;1000000;22728;44;94486.256908;1;0.000000;0.000049;0.390841;o;0.000234;0.008134;0.050374;0.095888;0.146263;0.140747;0.095372;0.390778;
0;2147483647;1000000;22223;45;96633.381947;1;0.000000;0.000077;0.392169;o;0.000220;0.008095;0.052337;0.094953;0.147291;0.140345;0.096094;0.392078;
0;2147483647;1000000;21740;46;98780.296550;1;0.000000;0.000065;0.392053;o;0.000226;0.008355;0.049914;0.096347;0.146262;0.141707;0.095396;0.391976;
0;2147483647;1000000;21277;47;100929.813743;1;0.000000;0.000047;0.394064;o;0.000214;0.008095;0.050815;0.094908;0.145724;0.143788;0.096154;0.394003;
0;2147483647;1000000;20834;48;103075.916627;1;0.000000;0.000049;0.394739;o;0.000227;0.008422;0.049851;0.096936;0.146788;0.143540;0.095671;0.394677;
0;2147483647;1000000;20409;49;105222.384585;1;0.000000;0.000051;0.394016;o;0.000255;0.008452;0.050340;0.094714;0.145056;0.144992;0.095166;0.393950;
0;2147483647;1000000;20000;50;107374.182350;1;0.000000;0.000054;0.393754;o;0.000201;0.007968;0.049419;0.095229;0.144650;0.142948;0.097893;0.393687;
0;2147483647;1000000;19608;51;109520.789831;1;0.000000;0.000049;0.392869;o;0.000208;0.007904;0.048014;0.094969;0.142985;0.146935;0.094747;0.392806;
0;2147483647;1000000;19231;52;111667.809630;1;0.000000;0.000048;0.394853;o;0.000186;0.008147;0.049251;0.094012;0.143264;0.147514;0.095653;0.394792;
0;2147483647;1000000;18868;53;113816.178026;1;0.000000;0.000048;0.399064;o;0.000183;0.008077;0.049660;0.095794;0.145455;0.149206;0.096051;0.399002;
0;2147483647;1000000;18519;54;115961.101949;1;0.000000;0.000052;0.399173;o;0.000226;0.008377;0.048906;0.094775;0.143682;0.151680;0.095111;0.399106;
0;2147483647;1000000;18182;55;118110.419481;1;0.000000;0.000046;0.401282;o;0.000179;0.008047;0.049572;0.095408;0.144982;0.152041;0.095945;0.401224;
0;2147483647;1000000;17858;56;120253.312073;1;0.000000;0.000056;0.402193;o;0.000197;0.008142;0.049528;0.095744;0.145273;0.153193;0.095276;0.402114;
0;2147483647;1000000;17544;57;122405.588634;1;0.000000;0.000051;0.403861;o;0.000212;0.008445;0.048911;0.094823;0.143736;0.156030;0.095345;0.403796;
0;2147483647;1000000;17242;58;124549.567742;1;0.000000;0.000051;0.403853;o;0.000177;0.008064;0.049208;0.095170;0.144379;0.155685;0.095448;0.403786;
0;2147483647;1000000;16950;59;126695.200413;1;0.000000;0.000050;0.405618;o;0.000175;0.008187;0.048890;0.095931;0.144822;0.156483;0.095860;0.405554;
0;2147483647;1000000;16667;60;128846.441891;1;0.000000;0.000046;0.406344;o;0.000199;0.008303;0.049345;0.094472;0.143819;0.158866;0.095064;0.406282;
0;2147483647;1000000;16394;61;130992.048737;1;0.000000;0.000045;0.408997;o;0.000159;0.008086;0.050294;0.094765;0.145060;0.159768;0.095839;0.408940;
0;2147483647;1000000;16130;62;133135.997954;1;0.000000;0.000053;0.409394;o;0.000161;0.008119;0.049417;0.094952;0.144370;0.161056;0.095587;0.409327;
0;2147483647;1000000;15874;63;135283.082210;1;0.000000;0.000063;0.410567;o;0.000162;0.008349;0.048743;0.095937;0.144682;0.162084;0.095184;0.410491;
0;2147483647;1000000;15625;64;137438.953408;1;0.000000;0.000056;0.411912;o;0.000194;0.008454;0.048882;0.094564;0.143447;0.164611;0.095103;0.411841;
0;2147483647;1000000;15385;65;139582.947481;1;0.000000;0.000045;0.413370;o;0.000148;0.008074;0.049152;0.094560;0.143714;0.165862;0.095485;0.413311;
0;2147483647;1000000;15152;66;141729.385362;1;0.000000;0.000044;0.414285;o;0.000146;0.007838;0.048999;0.095193;0.144193;0.166003;0.096013;0.414228;
0;2147483647;1000000;14926;67;143875.361584;1;0.000000;0.000045;0.415786;o;0.000184;0.008192;0.048152;0.095684;0.143837;0.167695;0.095779;0.415724;
0;2147483647;1000000;14706;68;146027.719774;1;0.000000;0.000044;0.416623;o;0.000155;0.008387;0.048111;0.094859;0.142971;0.169793;0.095231;0.416565;
0;2147483647;1000000;14493;69;148173.852688;1;0.000000;0.000049;0.417313;o;0.000175;0.008436;0.048740;0.094499;0.143241;0.170332;0.095036;0.417249;
0;2147483647;1000000;14286;70;150320.848873;1;0.000000;0.000043;0.419608;o;0.000135;0.008147;0.048962;0.094376;0.143340;0.172696;0.095206;0.419552;
0;2147483647;1000000;14085;71;152466.002627;1;0.000000;0.000043;0.422121;o;0.000133;0.008112;0.049311;0.095422;0.144734;0.173200;0.095858;0.422065;
0;2147483647;1000000;13889;72;154617.585643;1;0.000000;0.000045;0.423141;o;0.000137;0.008828;0.048905;0.094698;0.143604;0.175196;0.095289;0.423084;
0;2147483647;1000000;13699;73;156762.073655;1;0.000000;0.000063;0.423633;o;0.000128;0.008153;0.048527;0.095541;0.144069;0.175378;0.095799;0.423556;
0;2147483647;1000000;13514;74;158908.069188;1;0.000000;0.000048;0.425486;o;0.000161;0.009027;0.047775;0.095695;0.143471;0.176876;0.095851;0.425423;
0;2147483647;1000000;13334;75;161053.220864;1;0.000000;0.000045;0.424156;o;0.000145;0.008003;0.047342;0.096078;0.143422;0.176952;0.095536;0.424094;
0;2147483647;1000000;13158;76;163207.451512;1;0.000000;0.000041;0.424605;o;0.000135;0.007948;0.047551;0.095173;0.142726;0.178575;0.095140;0.424551;
0;2147483647;1000000;12988;77;165343.674700;1;0.000000;0.000042;0.428721;o;0.000125;0.008589;0.047306;0.095700;0.143007;0.181275;0.095642;0.428666;
0;2147483647;1000000;12821;78;167497.359566;1;0.000000;0.000047;0.432467;o;0.000132;0.008155;0.048357;0.095824;0.144184;0.184029;0.095872;0.432404;
0;2147483647;1000000;12659;79;169640.860021;1;0.000000;0.000041;0.433536;o;0.000129;0.008154;0.048876;0.095733;0.144611;0.185124;0.095428;0.433481;
0;2147483647;1000000;12500;80;171798.691760;1;0.000000;0.000055;0.433156;o;0.000128;0.008164;0.048330;0.095591;0.143923;0.185496;0.095344;0.433087;
0;2147483647;1000000;12346;81;173941.652924;1;0.000000;0.000060;0.437244;o;0.000122;0.008144;0.048370;0.096213;0.144585;0.188730;0.095556;0.437170;
0;2147483647;1000000;12196;82;176080.981223;1;0.000000;0.000042;0.436498;o;0.000113;0.008305;0.047964;0.095491;0.143456;0.189170;0.095368;0.436443;
0;2147483647;1000000;12049;83;178229.201345;1;0.000000;0.000043;0.438145;o;0.000112;0.008081;0.048634;0.095286;0.143921;0.190604;0.095343;0.438089;
0;2147483647;1000000;11905;84;180385.018648;1;0.000000;0.000047;0.439130;o;0.000114;0.008085;0.048460;0.094897;0.143358;0.192088;0.095398;0.439071;
0;2147483647;1000000;11765;85;182531.546706;1;0.000000;0.000054;0.440868;o;0.000117;0.008092;0.048525;0.094972;0.143499;0.193843;0.095214;0.440799;
0;2147483647;1000000;11628;86;184682.116185;1;0.000000;0.000067;0.441942;o;0.000107;0.008093;0.048516;0.094983;0.143501;0.195093;0.095034;0.441861;
0;2147483647;1000000;11495;87;186818.934058;1;0.000000;0.000063;0.444003;o;0.000105;0.008488;0.048430;0.094621;0.143052;0.196643;0.095607;0.443927;
0;2147483647;1000000;11364;88;188972.513816;1;0.000000;0.000043;0.444487;o;0.000142;0.008447;0.047776;0.093955;0.141732;0.198008;0.096073;0.444429;
0;2147483647;1000000;11236;89;191125.280082;1;0.000000;0.000043;0.448077;o;0.000151;0.008220;0.047515;0.094824;0.142340;0.201147;0.096121;0.448017;
0;2147483647;1000000;11112;90;193258.067585;1;0.000000;0.000053;0.448466;o;0.000127;0.008349;0.047650;0.095763;0.143414;0.200642;0.095828;0.448397;
0;2147483647;1000000;10990;91;195403.425569;1;0.000000;0.000038;0.448592;o;0.000099;0.007777;0.048060;0.095215;0.143276;0.201928;0.095435;0.448542;
0;2147483647;1000000;10870;92;197560.593100;1;0.000000;0.000062;0.450501;o;0.000101;0.008066;0.048383;0.095121;0.143506;0.203895;0.094827;0.450425;
0;2147483647;1000000;10753;93;199710.187576;1;0.000000;0.000047;0.453520;o;0.000134;0.009177;0.047997;0.094346;0.142344;0.205703;0.096075;0.453461;
0;2147483647;1000000;10639;94;201850.140709;1;0.000000;0.000040;0.453977;o;0.000111;0.008164;0.047859;0.094486;0.142347;0.207641;0.095633;0.453923;
0;2147483647;1000000;10527;95;203997.686615;1;0.000000;0.000042;0.456265;o;0.000099;0.008104;0.047947;0.096029;0.143978;0.208489;0.095510;0.456210;
0;2147483647;1000000;10417;96;206151.833253;1;0.000000;0.000045;0.456339;o;0.000096;0.008069;0.047896;0.095199;0.143096;0.210040;0.094951;0.456282;
0;2147483647;1000000;10310;97;208291.333366;1;0.000000;0.000053;0.457149;o;0.000128;0.008578;0.047753;0.094278;0.142033;0.210561;0.095745;0.457079;
0;2147483647;1000000;10205;98;210434.458305;1;0.000000;0.000040;0.455817;o;0.000110;0.008076;0.046539;0.095483;0.142023;0.210815;0.094698;0.455754;
0;2147483647;1000000;10102;99;212580.048208;1;0.000000;0.000040;0.456140;o;0.000090;0.007814;0.047123;0.094712;0.141836;0.210875;0.095445;0.456087;
