min;max;size;buckets;mean_elements_in_bucket;threads;time_allocate_sync;time_deallocate;time_all;error;0;0;0;0;0;0;0;0;
0;2147483647;40000000;40000000;1;53.687091;1;0.000000;0.001576;12.726861;o;0.256818;0.272255;4.720180;3.027243;7.747425;2.438624;2.010108;12.725262;
0;2147483647;40000000;40000000;1;53.687091;2;0.000000;0.002894;8.906565;o;0.267819;0.147912;3.413639;2.118433;5.532074;1.539692;1.415952;8.903658;
0;2147483647;40000000;40000000;1;53.687091;3;0.000000;0.005406;8.370203;o;0.272100;0.101752;3.235869;2.326991;5.562862;1.192442;1.235482;8.364785;
0;2147483647;40000000;40000000;1;53.687091;4;0.000000;0.006581;6.646573;o;0.277753;0.076135;2.619326;1.876020;4.495347;0.917442;0.873129;6.639979;
0;2147483647;40000000;40000000;1;53.687091;5;0.000000;0.008274;6.192805;o;0.279938;0.061599;2.233573;1.725165;3.958740;0.933301;0.950732;6.184518;
0;2147483647;40000000;40000000;1;53.687091;6;0.000000;0.010126;5.184497;o;0.284884;0.052064;2.012694;1.689183;3.701878;0.601120;0.533782;5.174357;
0;2147483647;40000000;40000000;1;53.687091;7;0.000000;0.011797;4.862680;o;0.288482;0.044536;1.781294;1.593894;3.375201;0.590655;0.551794;4.850869;
0;2147483647;40000000;40000000;1;53.687091;8;0.000000;0.013309;4.542419;o;0.298308;0.038653;1.734825;1.348320;3.083146;0.631260;0.477485;4.529098;
0;2147483647;40000000;40000000;1;53.687091;9;0.000000;0.014632;4.117964;o;0.307107;0.035435;1.537426;1.321712;2.859140;0.421804;0.477601;4.103318;
0;2147483647;40000000;40000000;1;53.687091;10;0.000000;0.017021;3.818745;o;0.334939;0.031193;1.460780;1.239498;2.701809;0.377412;0.351468;3.801712;
0;2147483647;40000000;40000000;1;53.687091;11;0.000000;0.019915;3.662300;o;0.352541;0.028875;1.402053;1.201650;2.605244;0.339139;0.313200;3.642372;
0;2147483647;40000000;40000000;1;53.687091;12;0.000000;0.022171;4.588707;o;0.524774;0.039116;1.559196;1.481819;3.041016;0.547626;0.404489;4.566521;
0;2147483647;40000000;40000000;1;53.687091;1;0.000000;0.001583;12.754192;o;0.257267;0.273461;4.721860;3.032000;7.753861;2.453916;2.014056;12.752596;
0;2147483647;40000000;40000000;1;53.687091;2;0.000000;0.003039;9.045314;o;0.272478;0.147530;3.420172;2.113392;5.533565;1.399037;1.689454;9.042263;
0;2147483647;40000000;40000000;1;53.687091;3;0.000000;0.005196;8.480108;o;0.277640;0.103343;3.219063;2.360284;5.579350;1.206915;1.307527;8.474899;
0;2147483647;40000000;40000000;1;53.687091;4;0.000000;0.006576;6.679646;o;0.280574;0.076061;2.721660;1.857018;4.578680;0.877386;0.860163;6.673058;
0;2147483647;40000000;40000000;1;53.687091;5;0.000000;0.008329;5.961274;o;0.281460;0.061512;2.256931;1.757423;4.014355;0.744593;0.850851;5.952933;
0;2147483647;40000000;40000000;1;53.687091;6;0.000000;0.010133;5.252257;o;0.284687;0.051315;1.982107;1.752219;3.734328;0.584827;0.586761;5.242112;
0;2147483647;40000000;40000000;1;53.687091;7;0.000000;0.011931;4.776667;o;0.286846;0.044076;1.786714;1.582729;3.369445;0.555970;0.508170;4.764724;
0;2147483647;40000000;40000000;1;53.687091;8;0.000000;0.013060;4.508092;o;0.303476;0.038922;1.668348;1.356203;3.024552;0.634400;0.491922;4.495018;
0;2147483647;40000000;40000000;1;53.687091;9;0.000000;0.015470;4.088360;o;0.304992;0.034868;1.543145;1.301726;2.844873;0.416367;0.470001;4.072877;
0;2147483647;40000000;40000000;1;53.687091;10;0.000000;0.016380;3.783655;o;0.330748;0.031243;1.459129;1.224041;2.683171;0.350052;0.355963;3.767261;
0;2147483647;40000000;40000000;1;53.687091;11;0.000000;0.019618;3.635682;o;0.349111;0.028938;1.424487;1.149935;2.574442;0.337271;0.322982;3.616050;
0;2147483647;40000000;40000000;1;53.687091;12;0.000000;0.021920;5.442562;o;0.465264;0.038131;2.006383;1.848186;3.854591;0.669042;0.384239;5.420629;
0;2147483647;40000000;40000000;1;53.687091;1;0.000000;0.001597;12.846831;o;0.257409;0.273181;4.800296;3.083668;7.883965;2.421499;2.009135;12.845221;
0;2147483647;40000000;40000000;1;53.687091;2;0.000000;0.003113;9.068929;o;0.266566;0.147205;3.453276;1.997774;5.451052;1.757601;1.443218;9.065803;
0;2147483647;40000000;40000000;1;53.687091;3;0.000000;0.007556;8.537973;o;0.275318;0.100450;3.233606;2.396075;5.629682;1.270212;1.254609;8.530404;
0;2147483647;40000000;40000000;1;53.687091;4;0.000000;0.006407;7.077880;o;0.280477;0.076079;2.714804;1.792972;4.507777;1.147266;1.059655;7.071460;
0;2147483647;40000000;40000000;1;53.687091;5;0.000000;0.008484;5.868146;o;0.280216;0.061778;2.230164;1.782920;4.013085;0.728294;0.776083;5.859649;
0;2147483647;40000000;40000000;1;53.687091;6;0.000000;0.010452;5.373473;o;0.281949;0.051317;2.026380;1.681641;3.708022;0.659725;0.661783;5.363008;
0;2147483647;40000000;40000000;1;53.687091;7;0.000000;0.011554;4.907382;o;0.286924;0.044066;1.851463;1.561822;3.413287;0.594342;0.556956;4.895815;
0;2147483647;40000000;40000000;1;53.687091;8;0.000000;0.013352;4.539309;o;0.298641;0.038872;1.683317;1.472357;3.155675;0.580717;0.450299;4.525944;
0;2147483647;40000000;40000000;1;53.687091;9;0.000000;0.015320;4.282766;o;0.304239;0.034762;1.570472;1.321633;2.892145;0.619176;0.413619;4.267432;
0;2147483647;40000000;40000000;1;53.687091;10;0.000000;0.017081;3.790262;o;0.331516;0.031292;1.477469;1.220621;2.698091;0.373914;0.335049;3.773168;
0;2147483647;40000000;40000000;1;53.687091;11;0.000000;0.018291;3.551987;o;0.352672;0.028166;1.362191;1.149728;2.511920;0.317419;0.308183;3.533684;
0;2147483647;40000000;40000000;1;53.687091;12;0.000000;0.020339;4.579858;o;0.472178;0.030096;1.868134;1.424870;3.294539;0.371119;0.373172;4.559505;
0;2147483647;40000000;40000000;1;53.687091;1;0.000000;0.001551;12.767460;o;0.258986;0.272365;4.723456;3.081210;7.804667;2.416403;2.013443;12.765896;
0;2147483647;40000000;40000000;1;53.687091;2;0.000000;0.003096;8.798076;o;0.268674;0.147183;3.464779;2.058531;5.523311;1.554552;1.301021;8.794967;
0;2147483647;40000000;40000000;1;53.687091;3;0.000000;0.005094;8.533531;o;0.277556;0.101616;3.228958;2.237277;5.466236;1.272114;1.410775;8.528422;
0;2147483647;40000000;40000000;1;53.687091;4;0.000000;0.006829;6.551841;o;0.279478;0.076572;2.608367;1.906769;4.515137;0.849596;0.824005;6.544998;
0;2147483647;40000000;40000000;1;53.687091;5;0.000000;0.008330;5.951580;o;0.280736;0.062157;2.267943;1.731925;3.999869;0.771557;0.828704;5.943238;
0;2147483647;40000000;40000000;1;53.687091;6;0.000000;0.009755;5.253422;o;0.283865;0.051906;2.013423;1.694204;3.707628;0.590147;0.609921;5.243653;
0;2147483647;40000000;40000000;1;53.687091;7;0.000000;0.011605;4.805955;o;0.287536;0.044233;1.788429;1.600656;3.389086;0.557444;0.515789;4.794337;
0;2147483647;40000000;40000000;1;53.687091;8;0.000000;0.013412;4.517975;o;0.299028;0.039023;1.689262;1.353535;3.042799;0.635037;0.485391;4.504549;
0;2147483647;40000000;40000000;1;53.687091;9;0.000000;0.015001;4.128229;o;0.305737;0.035300;1.558472;1.265648;2.824121;0.443957;0.503820;4.113214;
0;2147483647;40000000;40000000;1;53.687091;10;0.000000;0.017475;3.750247;o;0.331058;0.031272;1.471585;1.184011;2.655598;0.354837;0.349202;3.732758;
0;2147483647;40000000;40000000;1;53.687091;11;0.000000;0.018802;3.645927;o;0.349639;0.028700;1.411334;1.207443;2.620314;0.319239;0.293479;3.627112;
0;2147483647;40000000;40000000;1;53.687091;12;0.000000;0.022228;4.411610;o;0.398955;0.027340;1.571714;1.500504;3.072220;0.418875;0.464136;4.389367;
0;2147483647;40000000;40000000;1;53.687091;1;0.000000;0.001550;12.740174;o;0.259425;0.265342;4.736329;3.033282;7.769612;2.427398;2.016789;12.738599;
0;2147483647;40000000;40000000;1;53.687091;2;0.000000;0.003023;9.029236;o;0.269353;0.146402;3.453488;1.990129;5.443619;1.621112;1.545593;9.026201;
0;2147483647;40000000;40000000;1;53.687091;3;0.000000;0.005331;8.442290;o;0.274258;0.102501;3.263665;2.315644;5.579310;1.271284;1.209456;8.436946;
0;2147483647;40000000;40000000;1;53.687091;4;0.000000;0.006657;6.668864;o;0.278424;0.075475;2.575115;1.789041;4.364158;1.026097;0.917852;6.662185;
0;2147483647;40000000;40000000;1;53.687091;5;0.000000;0.008367;6.084416;o;0.279606;0.062445;2.249350;1.850332;4.099684;0.781961;0.852132;6.076037;
0;2147483647;40000000;40000000;1;53.687091;6;0.000000;0.010179;5.258006;o;0.283777;0.051338;2.040928;1.719423;3.760352;0.566986;0.585192;5.247812;
0;2147483647;40000000;40000000;1;53.687091;7;0.000000;0.011719;4.829444;o;0.287912;0.044168;1.768086;1.587074;3.355162;0.594210;0.536054;4.817713;
0;2147483647;40000000;40000000;1;53.687091;8;0.000000;0.013580;4.535798;o;0.300568;0.038371;1.674176;1.399422;3.073599;0.633600;0.474340;4.522205;
0;2147483647;40000000;40000000;1;53.687091;9;0.000000;0.015856;4.275387;o;0.305712;0.034921;1.567933;1.282801;2.850735;0.583844;0.481028;4.259518;
0;2147483647;40000000;40000000;1;53.687091;10;0.000000;0.016526;3.837062;o;0.333816;0.031244;1.491528;1.252118;2.745171;0.369396;0.336006;3.820522;
0;2147483647;40000000;40000000;1;53.687091;11;0.000000;0.019011;4.072525;o;0.355596;0.029014;1.374822;1.642968;3.019319;0.339111;0.307095;4.053501;
0;2147483647;40000000;40000000;1;53.687091;12;0.000000;0.023971;4.764830;o;0.457447;0.040362;1.856007;1.340839;3.198359;0.627101;0.395277;4.740845;
