min;max;size;buckets;mean_elements_in_bucket;threads;time_allocate_sync;time_deallocate;time_all;error;0;0;0;0;0;0;0;0;
0;2147483647;100000;100000;1;21474.836470;1;0.000000;0.000154;0.021553;o;0.001171;0.000863;0.008103;0.004549;0.012653;0.003620;0.003050;0.021386;
0;2147483647;100000;50000;2;42949.672940;1;0.000000;0.000096;0.016473;o;0.000581;0.000855;0.005329;0.003775;0.009105;0.003568;0.002229;0.016364;
0;2147483647;100000;33334;3;64423.220946;1;0.000000;0.000067;0.023799;o;0.000380;0.000858;0.005253;0.005454;0.010707;0.007230;0.004515;0.023719;
0;2147483647;100000;25000;4;85899.345880;1;0.000000;0.000051;0.022107;o;0.000297;0.000902;0.005581;0.004873;0.010455;0.006480;0.003876;0.022041;
0;2147483647;100000;20000;5;107374.182350;1;0.000000;0.000044;0.018820;o;0.000236;0.000889;0.004926;0.004484;0.009411;0.005541;0.002655;0.018761;
0;2147483647;100000;16667;6;128846.441891;1;0.000000;0.000047;0.018631;o;0.000185;0.000857;0.004672;0.004514;0.009187;0.005603;0.002703;0.018570;
0;2147483647;100000;14286;7;150320.848873;1;0.000000;0.000038;0.027869;o;0.000177;0.000893;0.004920;0.006601;0.011522;0.008709;0.006488;0.027818;
0;2147483647;100000;12500;8;171798.691760;1;0.000000;0.000034;0.019169;o;0.000132;0.000854;0.004594;0.005008;0.009604;0.006274;0.002232;0.019122;
0;2147483647;100000;11112;9;193258.067585;1;0.000000;0.000032;0.014517;o;0.000114;0.000836;0.004506;0.003105;0.007612;0.003659;0.002225;0.014473;
0;2147483647;100000;10000;10;214748.364700;1;0.000000;0.000035;0.018943;o;0.000105;0.000839;0.004471;0.003336;0.007809;0.003833;0.006281;0.018896;
0;2147483647;100000;9091;11;236220.838962;1;0.000000;0.000032;0.021912;o;0.000110;0.000895;0.004777;0.007381;0.012160;0.005760;0.002914;0.021867;
0;2147483647;100000;8334;12;257677.423446;1;0.000000;0.000029;0.018748;o;0.000087;0.000870;0.004600;0.005880;0.010481;0.004932;0.002310;0.018706;
0;2147483647;100000;7693;13;279147.750812;1;0.000000;0.000001;0.014978;o;0.000072;0.000834;0.004446;0.003362;0.007809;0.003944;0.002281;0.014965;
0;2147483647;100000;7143;14;300641.697746;1;0.000000;0.000001;0.029474;o;0.000067;0.000835;0.004403;0.007374;0.011779;0.008714;0.008040;0.029462;
0;2147483647;100000;6667;15;322106.441728;1;0.000000;0.000001;0.020231;o;0.000070;0.000850;0.004405;0.004831;0.009237;0.005560;0.004473;0.020218;
0;2147483647;100000;6250;16;343597.383520;1;0.000000;0.000001;0.014832;o;0.000057;0.000833;0.004375;0.003200;0.007576;0.004102;0.002227;0.014820;
0;2147483647;100000;5883;17;365032.066463;1;0.000000;0.000001;0.015158;o;0.000056;0.000837;0.004391;0.003144;0.007535;0.004145;0.002547;0.015145;
0;2147483647;100000;5556;18;386516.135169;1;0.000000;0.000001;0.026659;o;0.000065;0.000882;0.004633;0.008213;0.012847;0.008256;0.004562;0.026644;
0;2147483647;100000;5264;19;407956.619871;1;0.000000;0.000001;0.019358;o;0.000052;0.000847;0.004446;0.006199;0.010646;0.005509;0.002266;0.019345;
0;2147483647;100000;5000;20;429496.729400;1;0.000000;0.000001;0.015214;o;0.000048;0.000837;0.004401;0.003172;0.007574;0.004422;0.002289;0.015200;
0;2147483647;100000;4762;21;450962.546619;1;0.000000;0.000001;0.024267;o;0.000045;0.000828;0.004359;0.003231;0.007591;0.007674;0.008091;0.024254;
0;2147483647;100000;4546;22;472389.715574;1;0.000000;0.000001;0.019624;o;0.000052;0.000885;0.004435;0.005624;0.010060;0.005644;0.002941;0.019609;
0;2147483647;100000;4348;23;493901.482751;1;0.000000;0.000001;0.015634;o;0.000048;0.000878;0.004382;0.003297;0.007680;0.004714;0.002274;0.015620;
0;2147483647;100000;4167;24;515354.846892;1;0.000000;0.000001;0.015597;o;0.000039;0.000832;0.004367;0.003216;0.007584;0.004785;0.002319;0.015585;
0;2147483647;100000;4000;25;536870.911750;1;0.000000;0.000001;0.030748;o;0.000037;0.000830;0.004535;0.008209;0.012745;0.009811;0.007284;0.030735;
0;2147483647;100000;3847;26;558222.939173;1;0.000000;0.000001;0.019929;o;0.000038;0.000837;0.004378;0.005621;0.010001;0.006692;0.002324;0.019916;
0;2147483647;100000;3704;27;579774.202754;1;0.000000;0.000001;0.015968;o;0.000034;0.000831;0.004565;0.003205;0.007772;0.004977;0.002317;0.015956;
0;2147483647;100000;3572;28;601199.229283;1;0.000000;0.000001;0.024160;o;0.000034;0.000825;0.004366;0.003288;0.007654;0.007460;0.008147;0.024147;
0;2147483647;100000;3449;29;622639.503334;1;0.000000;0.000001;0.022097;o;0.000038;0.000889;0.004494;0.006094;0.010589;0.006841;0.003695;0.022082;
0;2147483647;100000;3334;30;644116.270846;1;0.000000;0.000001;0.016347;o;0.000036;0.000860;0.004383;0.003330;0.007714;0.005345;0.002353;0.016333;
0;2147483647;100000;3226;31;665679.989771;1;0.000000;0.000001;0.016159;o;0.000030;0.000829;0.004362;0.003117;0.007479;0.005461;0.002322;0.016147;
0;2147483647;100000;3125;32;687194.767040;1;0.000000;0.000001;0.030295;o;0.000030;0.000874;0.004875;0.008361;0.013236;0.010249;0.005864;0.030282;
0;2147483647;100000;3031;33;708506.646981;1;0.000000;0.000001;0.020803;o;0.000031;0.000845;0.004416;0.006261;0.010678;0.006849;0.002363;0.020790;
0;2147483647;100000;2942;34;729940.056764;1;0.000000;0.000001;0.016693;o;0.000025;0.000827;0.004371;0.003319;0.007691;0.005705;0.002406;0.016680;
0;2147483647;100000;2858;35;751393.858293;1;0.000000;0.000001;0.031485;o;0.000026;0.000831;0.004402;0.007463;0.011867;0.010822;0.007900;0.031472;
0;2147483647;100000;2778;36;773032.270338;1;0.000000;0.000001;0.021502;o;0.000027;0.000841;0.004393;0.005202;0.009597;0.008344;0.002653;0.021489;
0;2147483647;100000;2703;37;794481.556419;1;0.000000;0.000001;0.017110;o;0.000025;0.000825;0.004386;0.003300;0.007687;0.006179;0.002357;0.017097;
0;2147483647;100000;2632;38;815913.239742;1;0.000000;0.000001;0.025824;o;0.000023;0.000828;0.004356;0.003179;0.007536;0.009134;0.008263;0.025812;
0;2147483647;100000;2565;39;837225.593372;1;0.000000;0.000001;0.022701;o;0.000028;0.000885;0.004411;0.005242;0.009654;0.007656;0.004432;0.022686;
0;2147483647;100000;2500;40;858993.458800;1;0.000000;0.000001;0.018016;o;0.000025;0.000833;0.004427;0.003608;0.008036;0.006656;0.002430;0.018004;
0;2147483647;100000;2440;41;880116.248770;1;0.000000;0.000001;0.017383;o;0.000022;0.000830;0.004364;0.003168;0.007532;0.006501;0.002459;0.017370;
0;2147483647;100000;2381;42;901925.093238;1;0.000000;0.000001;0.028086;o;0.000025;0.000892;0.004574;0.008349;0.012923;0.010231;0.003969;0.028070;
0;2147483647;100000;2326;43;923251.782889;1;0.000000;0.000001;0.021429;o;0.000023;0.000843;0.004504;0.005983;0.010489;0.007562;0.002473;0.021416;
0;2147483647;100000;2273;44;944779.431148;1;0.000000;0.000001;0.017726;o;0.000020;0.000828;0.004347;0.003143;0.007491;0.006901;0.002448;0.017713;
0;2147483647;100000;2223;45;966029.530814;1;0.000000;0.000001;0.032340;o;0.000021;0.000823;0.004523;0.008293;0.012817;0.012249;0.006391;0.032327;
0;2147483647;100000;2174;46;987802.965501;1;0.000000;0.000001;0.023028;o;0.000021;0.000844;0.004381;0.006209;0.010591;0.008721;0.002813;0.023016;
0;2147483647;100000;2128;47;1009155.849154;1;0.000000;0.000001;0.018723;o;0.000018;0.000818;0.004363;0.003353;0.007717;0.007594;0.002539;0.018710;
0;2147483647;100000;2084;48;1030462.402591;1;0.000000;0.000001;0.033022;o;0.000019;0.000831;0.004568;0.008474;0.013043;0.012541;0.006549;0.033010;
0;2147483647;100000;2041;49;1052172.291524;1;0.000000;0.000001;0.024042;o;0.000020;0.000845;0.004401;0.006679;0.011082;0.008997;0.003058;0.024029;
0;2147483647;100000;2000;50;1073741.823500;1;0.000000;0.000001;0.018809;o;0.000018;0.000827;0.004364;0.003207;0.007571;0.007741;0.002616;0.018797;
0;2147483647;100000;1961;51;1095096.199388;1;0.000000;0.000001;0.032049;o;0.000019;0.000866;0.004575;0.008370;0.012946;0.012539;0.005634;0.032036;
0;2147483647;100000;1924;52;1116155.741684;1;0.000000;0.000001;0.023220;o;0.000019;0.000846;0.004448;0.006347;0.010796;0.008999;0.002520;0.023206;
0;2147483647;100000;1887;53;1138041.148384;1;0.000000;0.000001;0.020029;o;0.000018;0.000823;0.004439;0.003460;0.007901;0.008388;0.002862;0.020016;
0;2147483647;100000;1852;54;1159548.405508;1;0.000000;0.000001;0.032047;o;0.000020;0.000881;0.004568;0.008370;0.012939;0.012863;0.005302;0.032033;
0;2147483647;100000;1819;55;1180584.742716;1;0.000000;0.000001;0.023733;o;0.000018;0.000843;0.004488;0.006256;0.010746;0.009380;0.002709;0.023720;
0;2147483647;100000;1786;56;1202398.458567;1;0.000000;0.000001;0.020026;o;0.000018;0.000856;0.004504;0.003239;0.007744;0.008744;0.002626;0.020013;
0;2147483647;100000;1755;57;1223637.405698;1;0.000000;0.000001;0.032360;o;0.000020;0.000878;0.004568;0.008377;0.012946;0.013439;0.005034;0.032345;
0;2147483647;100000;1725;58;1244918.056232;1;0.000000;0.000001;0.024580;o;0.000019;0.000869;0.004520;0.006221;0.010742;0.010082;0.002830;0.024567;
0;2147483647;100000;1695;59;1266952.004130;1;0.000000;0.000001;0.020842;o;0.000019;0.000865;0.004557;0.003330;0.007888;0.009285;0.002744;0.020828;
0;2147483647;100000;1667;60;1288232.541692;1;0.000000;0.000001;0.032218;o;0.000019;0.000893;0.004660;0.008378;0.013039;0.013468;0.004751;0.032202;
0;2147483647;100000;1640;61;1309441.248171;1;0.000000;0.000001;0.024440;o;0.000018;0.000886;0.004667;0.005696;0.010364;0.010264;0.002861;0.024425;
0;2147483647;100000;1613;62;1331359.979541;1;0.000000;0.000001;0.021416;o;0.000017;0.000857;0.004523;0.003278;0.007802;0.009747;0.002956;0.021404;
0;2147483647;100000;1588;63;1352319.676952;1;0.000000;0.000001;0.032087;o;0.000019;0.000889;0.004592;0.008400;0.012993;0.013467;0.004679;0.032073;
0;2147483647;100000;1563;64;1373949.870122;1;0.000000;0.000001;0.025626;o;0.000017;0.000874;0.004530;0.005565;0.010096;0.010816;0.003777;0.025612;
0;2147483647;100000;1539;65;1395375.988954;1;0.000000;0.000001;0.024638;o;0.000015;0.000852;0.004541;0.003307;0.007849;0.010370;0.005512;0.024625;
0;2147483647;100000;1516;66;1416545.941293;1;0.000000;0.000001;0.031823;o;0.000018;0.000911;0.004613;0.008376;0.012990;0.012816;0.005042;0.031807;
0;2147483647;100000;1493;67;1438368.149364;1;0.000000;0.000001;0.021912;o;0.000018;0.000884;0.004550;0.003159;0.007710;0.010307;0.002948;0.021898;
0;2147483647;100000;1471;68;1459880.113528;1;0.000000;0.000001;0.027774;o;0.000015;0.000856;0.004516;0.003175;0.007691;0.011254;0.007915;0.027761;
0;2147483647;100000;1450;69;1481023.204828;1;0.000000;0.000001;0.029816;o;0.000018;0.000886;0.004811;0.006877;0.011689;0.012018;0.005162;0.029802;
0;2147483647;100000;1429;70;1502787.716585;1;0.000000;0.000001;0.021408;o;0.000015;0.000858;0.004534;0.002675;0.007210;0.010592;0.002696;0.021396;
0;2147483647;100000;1409;71;1524118.982967;1;0.000000;0.000001;0.029817;o;0.000013;0.000855;0.004568;0.003065;0.007633;0.012880;0.008388;0.029804;
0;2147483647;100000;1389;72;1546064.540677;1;0.000000;0.000001;0.029218;o;0.000016;0.000888;0.004596;0.004610;0.009207;0.013692;0.005371;0.029204;
0;2147483647;100000;1370;73;1567506.311679;1;0.000000;0.000001;0.025297;o;0.000015;0.000872;0.004545;0.003953;0.008499;0.012029;0.003841;0.025284;
0;2147483647;100000;1352;74;1588375.478550;1;0.000000;0.000001;0.036503;o;0.000014;0.000864;0.004594;0.008428;0.013024;0.016042;0.006519;0.036489;
0;2147483647;100000;1334;75;1609807.831334;1;0.000000;0.000001;0.029232;o;0.000014;0.000878;0.004646;0.006711;0.011358;0.013143;0.003796;0.029218;
0;2147483647;100000;1316;76;1631826.479483;1;0.000000;0.000001;0.031213;o;0.000013;0.000866;0.004582;0.003934;0.008517;0.013365;0.008404;0.031200;
0;2147483647;100000;1299;77;1653182.176289;1;0.000000;0.000001;0.033998;o;0.000016;0.000894;0.004672;0.007190;0.011864;0.014590;0.006580;0.033981;
0;2147483647;100000;1283;78;1673798.633671;1;0.000000;0.000001;0.026384;o;0.000013;0.000866;0.004548;0.003960;0.008509;0.012944;0.004010;0.026370;
0;2147483647;100000;1266;79;1696274.602686;1;0.000000;0.000001;0.036996;o;0.000014;0.000869;0.004576;0.008380;0.012958;0.016844;0.006267;0.036982;
0;2147483647;100000;1250;80;1717986.917600;1;0.000000;0.000001;0.030020;o;0.000014;0.000885;0.004622;0.006518;0.011141;0.013846;0.004092;0.030006;
0;2147483647;100000;1235;81;1738853.155466;1;0.000000;0.000001;0.032254;o;0.000013;0.000858;0.004579;0.003880;0.008460;0.014363;0.008514;0.032241;
0;2147483647;100000;1220;82;1760232.497541;1;0.000000;0.000001;0.033684;o;0.000016;0.000891;0.004611;0.006596;0.011208;0.015460;0.006063;0.033669;
0;2147483647;100000;1205;83;1782144.105394;1;0.000000;0.000001;0.026107;o;0.000012;0.000861;0.004557;0.003397;0.007956;0.013322;0.003915;0.026095;
0;2147483647;100000;1191;84;1803092.902603;1;0.000000;0.000001;0.037183;o;0.000013;0.000865;0.004578;0.008410;0.012989;0.017297;0.005977;0.037170;
0;2147483647;100000;1177;85;1824540.056924;1;0.000000;0.000001;0.031182;o;0.000014;0.000884;0.004592;0.006487;0.011080;0.014839;0.004324;0.031169;
0;2147483647;100000;1163;86;1846503.565778;1;0.000000;0.000001;0.034155;o;0.000013;0.000868;0.004807;0.004246;0.009054;0.015642;0.008536;0.034142;
0;2147483647;100000;1150;87;1867377.084348;1;0.000000;0.000001;0.032631;o;0.000013;0.000896;0.004597;0.005874;0.010472;0.016276;0.004926;0.032615;
0;2147483647;100000;1137;88;1888727.921724;1;0.000000;0.000001;0.029154;o;0.000011;0.000870;0.004587;0.004284;0.008872;0.014906;0.004452;0.029140;
0;2147483647;100000;1124;89;1910572.639680;1;0.000000;0.000001;0.037400;o;0.000013;0.000887;0.004625;0.008439;0.013065;0.017739;0.005656;0.037386;
0;2147483647;100000;1112;90;1931190.330036;1;0.000000;0.000001;0.029307;o;0.000012;0.000877;0.004609;0.004611;0.009222;0.015054;0.004103;0.029294;
0;2147483647;100000;1099;91;1954034.255687;1;0.000000;0.000001;0.035108;o;0.000011;0.000870;0.004625;0.003993;0.008620;0.017107;0.008459;0.035095;
0;2147483647;100000;1087;92;1975605.931003;1;0.000000;0.000001;0.032322;o;0.000013;0.000898;0.004567;0.005465;0.010033;0.017023;0.004311;0.032308;
0;2147483647;100000;1076;93;1995802.645911;1;0.000000;0.000001;0.027998;o;0.000011;0.000861;0.004555;0.003520;0.008077;0.015069;0.003941;0.027985;
0;2147483647;100000;1064;94;2018311.698308;1;0.000000;0.000001;0.037708;o;0.000013;0.000885;0.004614;0.008356;0.012972;0.017989;0.005808;0.037693;
0;2147483647;100000;1053;95;2039395.676163;1;0.000000;0.000001;0.028537;o;0.000012;0.000878;0.004524;0.003626;0.008151;0.015442;0.004013;0.028523;
0;2147483647;100000;1042;96;2060924.805182;1;0.000000;0.000001;0.035794;o;0.000018;0.000857;0.004505;0.003716;0.008223;0.018190;0.008463;0.035780;
0;2147483647;100000;1031;97;2082913.333657;1;0.000000;0.000001;0.033496;o;0.000012;0.000871;0.004554;0.005768;0.010323;0.017519;0.004729;0.033483;
0;2147483647;100000;1021;98;2103314.051910;1;0.000000;0.000001;0.033499;o;0.000011;0.000870;0.004613;0.003640;0.008254;0.015960;0.008358;0.033485;
0;2147483647;100000;1011;99;2124118.345203;1;0.000000;0.000001;0.037228;o;0.000012;0.000891;0.004797;0.007647;0.012444;0.018121;0.005717;0.037213;
0;2147483647;100000;100000;1;21474.836470;1;0.000000;0.000125;0.016960;o;0.001146;0.000877;0.005793;0.003670;0.009464;0.002898;0.002413;0.016823;
0;2147483647;100000;50000;2;42949.672940;1;0.000000;0.000088;0.015582;o;0.000553;0.000880;0.005127;0.002962;0.008091;0.002931;0.002997;0.015482;
0;2147483647;100000;33334;3;64423.220946;1;0.000000;0.000070;0.020435;o;0.000402;0.000890;0.005771;0.004893;0.010666;0.005707;0.002655;0.020350;
0;2147483647;100000;25000;4;85899.345880;1;0.000000;0.000060;0.017027;o;0.000275;0.000884;0.004924;0.003798;0.008723;0.005024;0.002023;0.016955;
0;2147483647;100000;20000;5;107374.182350;1;0.000000;0.000064;0.014285;o;0.000205;0.000875;0.004787;0.002889;0.007676;0.003431;0.001988;0.014208;
0;2147483647;100000;16667;6;128846.441891;1;0.000000;0.000050;0.014930;o;0.000174;0.000881;0.004710;0.003308;0.008019;0.003660;0.002101;0.014866;
0;2147483647;100000;14286;7;150320.848873;1;0.000000;0.000038;0.024298;o;0.000169;0.000890;0.004878;0.006252;0.011131;0.007713;0.004315;0.024246;
0;2147483647;100000;12500;8;171798.691760;1;0.000000;0.000032;0.018113;o;0.000137;0.000885;0.004766;0.004888;0.009655;0.005188;0.002180;0.018069;
0;2147483647;100000;11112;9;193258.067585;1;0.000000;0.000031;0.018863;o;0.000122;0.000875;0.004686;0.004605;0.009292;0.005267;0.003236;0.018820;
0;2147483647;100000;10000;10;214748.364700;1;0.000000;0.000037;0.027792;o;0.000115;0.000894;0.004741;0.006008;0.010751;0.008574;0.007374;0.027741;
0;2147483647;100000;9091;11;236220.838962;1;0.000000;0.000034;0.018296;o;0.000110;0.000896;0.004745;0.005000;0.009747;0.004693;0.002775;0.018249;
0;2147483647;100000;8334;12;257677.423446;1;0.000000;0.000029;0.015656;o;0.000099;0.000903;0.004754;0.003542;0.008297;0.003956;0.002330;0.015613;
0;2147483647;100000;7693;13;279147.750812;1;0.000000;0.000001;0.015375;o;0.000078;0.000864;0.004623;0.003408;0.008031;0.003994;0.002367;0.015361;
0;2147483647;100000;7143;14;300641.697746;1;0.000000;0.000001;0.030010;o;0.000070;0.000868;0.004614;0.007711;0.012326;0.008916;0.007786;0.029997;
0;2147483647;100000;6667;15;322106.441728;1;0.000000;0.000001;0.020203;o;0.000070;0.000879;0.004601;0.005361;0.009963;0.006665;0.002583;0.020188;
0;2147483647;100000;6250;16;343597.383520;1;0.000000;0.000001;0.015584;o;0.000058;0.000876;0.004502;0.003502;0.008005;0.004257;0.002349;0.015570;
0;2147483647;100000;5883;17;365032.066463;1;0.000000;0.000001;0.019113;o;0.000057;0.000869;0.004549;0.003641;0.008191;0.004462;0.005486;0.019098;
0;2147483647;100000;5556;18;386516.135169;1;0.000000;0.000001;0.024593;o;0.000064;0.000893;0.004622;0.008420;0.013044;0.007139;0.003410;0.024578;
0;2147483647;100000;5264;19;407956.619871;1;0.000000;0.000001;0.019662;o;0.000055;0.000883;0.004578;0.006243;0.010822;0.005473;0.002385;0.019649;
0;2147483647;100000;5000;20;429496.729400;1;0.000000;0.000001;0.015992;o;0.000054;0.000859;0.004585;0.003465;0.008051;0.004665;0.002325;0.015979;
0;2147483647;100000;4762;21;450962.546619;1;0.000000;0.000001;0.030277;o;0.000047;0.000873;0.004581;0.007635;0.012218;0.009195;0.007900;0.030264;
0;2147483647;100000;4546;22;472389.715574;1;0.000000;0.000001;0.020206;o;0.000051;0.000839;0.004508;0.004788;0.009297;0.006647;0.003309;0.020169;
0;2147483647;100000;4348;23;493901.482751;1;0.000000;0.000001;0.016117;o;0.000041;0.000859;0.004530;0.003356;0.007887;0.004922;0.002371;0.016104;
0;2147483647;100000;4167;24;515354.846892;1;0.000000;0.000001;0.018173;o;0.000040;0.001057;0.004510;0.003371;0.007882;0.004924;0.004230;0.018160;
0;2147483647;100000;4000;25;536870.911750;1;0.000000;0.000001;0.024645;o;0.000046;0.000883;0.004577;0.008238;0.012815;0.007523;0.003329;0.024624;
0;2147483647;100000;3847;26;558222.939173;1;0.000000;0.000001;0.019102;o;0.000040;0.000879;0.004557;0.005636;0.010194;0.005600;0.002350;0.019088;
0;2147483647;100000;3704;27;579774.202754;1;0.000000;0.000001;0.016411;o;0.000034;0.000860;0.004546;0.003296;0.007843;0.005291;0.002346;0.016399;
0;2147483647;100000;3572;28;601199.229283;1;0.000000;0.000001;0.031438;o;0.000035;0.000864;0.004559;0.007750;0.012311;0.010250;0.007935;0.031425;
0;2147483647;100000;3449;29;622639.503334;1;0.000000;0.000001;0.021346;o;0.000036;0.000872;0.004570;0.005173;0.009745;0.007693;0.002963;0.021333;
0;2147483647;100000;3334;30;644116.270846;1;0.000000;0.000001;0.016668;o;0.000030;0.000843;0.004546;0.003285;0.007832;0.005528;0.002397;0.016655;
0;2147483647;100000;3226;31;665679.989771;1;0.000000;0.000001;0.023433;o;0.000030;0.000858;0.004498;0.003389;0.007887;0.006520;0.008097;0.023420;
0;2147483647;100000;3125;32;687194.767040;1;0.000000;0.000001;0.023846;o;0.000035;0.000888;0.004578;0.007247;0.011826;0.007532;0.003524;0.023832;
0;2147483647;100000;3031;33;708506.646981;1;0.000000;0.000001;0.017453;o;0.000033;0.000880;0.004723;0.003513;0.008237;0.005858;0.002407;0.017439;
0;2147483647;100000;2942;34;729940.056764;1;0.000000;0.000001;0.016979;o;0.000027;0.000856;0.004491;0.003246;0.007738;0.005947;0.002373;0.016966;
0;2147483647;100000;2858;35;751393.858293;1;0.000000;0.000001;0.031464;o;0.000026;0.000861;0.004581;0.008399;0.012981;0.010841;0.006712;0.031451;
0;2147483647;100000;2778;36;773032.270338;1;0.000000;0.000001;0.022088;o;0.000028;0.000876;0.004587;0.006328;0.010916;0.007697;0.002530;0.022075;
0;2147483647;100000;2703;37;794481.556419;1;0.000000;0.000001;0.018069;o;0.000025;0.000831;0.004455;0.003452;0.007909;0.006423;0.002843;0.018056;
0;2147483647;100000;2632;38;815913.239742;1;0.000000;0.000001;0.031298;o;0.000029;0.000847;0.004516;0.006591;0.011108;0.011248;0.008027;0.031285;
0;2147483647;100000;2565;39;837225.593372;1;0.000000;0.000001;0.022439;o;0.000024;0.000866;0.004525;0.004834;0.009360;0.008830;0.003321;0.022426;
0;2147483647;100000;2500;40;858993.458800;1;0.000000;0.000001;0.017979;o;0.000023;0.000857;0.004482;0.003421;0.007904;0.006646;0.002510;0.017966;
0;2147483647;100000;2440;41;880116.248770;1;0.000000;0.000001;0.026320;o;0.000024;0.000855;0.004577;0.003465;0.008042;0.009063;0.008287;0.026307;
0;2147483647;100000;2381;42;901925.093238;1;0.000000;0.000001;0.024427;o;0.000026;0.000888;0.004548;0.005699;0.010249;0.008441;0.004779;0.024413;
0;2147483647;100000;2326;43;923251.782889;1;0.000000;0.000001;0.018827;o;0.000022;0.000865;0.004556;0.003361;0.007944;0.007298;0.002657;0.018813;
0;2147483647;100000;2273;44;944779.431148;1;0.000000;0.000001;0.019577;o;0.000021;0.000854;0.004446;0.003217;0.007665;0.007251;0.003743;0.019564;
0;2147483647;100000;2223;45;966029.530814;1;0.000000;0.000001;0.028220;o;0.000025;0.000889;0.004592;0.008430;0.013023;0.010230;0.004012;0.028206;
0;2147483647;100000;2174;46;987802.965501;1;0.000000;0.000001;0.021613;o;0.000021;0.000869;0.004527;0.005626;0.010155;0.007917;0.002614;0.021600;
0;2147483647;100000;2128;47;1009155.849154;1;0.000000;0.000001;0.018787;o;0.000020;0.000861;0.004494;0.003261;0.007756;0.007503;0.002609;0.018774;
0;2147483647;100000;2084;48;1030462.402591;1;0.000000;0.000001;0.032281;o;0.000019;0.000863;0.004556;0.008428;0.012986;0.012315;0.006054;0.032268;
0;2147483647;100000;2041;49;1052172.291524;1;0.000000;0.000001;0.023681;o;0.000021;0.000883;0.004531;0.006442;0.010974;0.009081;0.002678;0.023667;
0;2147483647;100000;2000;50;1073741.823500;1;0.000000;0.000001;0.019448;o;0.000025;0.000859;0.004522;0.003252;0.007775;0.008076;0.002667;0.019433;
0;2147483647;100000;1961;51;1095096.199388;1;0.000000;0.000001;0.032443;o;0.000019;0.000863;0.004582;0.008338;0.012922;0.012620;0.005979;0.032430;
0;2147483647;100000;1924;52;1116155.741684;1;0.000000;0.000001;0.023993;o;0.000019;0.000867;0.004512;0.006306;0.010820;0.009477;0.002773;0.023980;
0;2147483647;100000;1887;53;1138041.148384;1;0.000000;0.000001;0.019668;o;0.000018;0.000847;0.004559;0.003202;0.007761;0.008332;0.002670;0.019655;
0;2147483647;100000;1852;54;1159548.405508;1;0.000000;0.000001;0.033164;o;0.000018;0.000855;0.004635;0.008353;0.012989;0.013326;0.005936;0.033152;
0;2147483647;100000;1819;55;1180584.742716;1;0.000000;0.000001;0.024516;o;0.000019;0.000874;0.004614;0.006372;0.010988;0.009865;0.002730;0.024502;
0;2147483647;100000;1786;56;1202398.458567;1;0.000000;0.000001;0.020178;o;0.000018;0.000865;0.004601;0.003359;0.007962;0.008616;0.002668;0.020163;
0;2147483647;100000;1755;57;1223637.405698;1;0.000000;0.000001;0.031862;o;0.000021;0.000884;0.004733;0.008353;0.013087;0.013048;0.004779;0.031847;
0;2147483647;100000;1725;58;1244918.056232;1;0.000000;0.000001;0.024781;o;0.000019;0.000871;0.004570;0.006061;0.010633;0.010440;0.002780;0.024768;
0;2147483647;100000;1695;59;1266952.004130;1;0.000000;0.000001;0.020828;o;0.000017;0.000857;0.004533;0.003401;0.007935;0.009307;0.002673;0.020816;
0;2147483647;100000;1667;60;1288232.541692;1;0.000000;0.000001;0.032341;o;0.000019;0.000890;0.004658;0.008484;0.013144;0.013604;0.004641;0.032327;
0;2147483647;100000;1640;61;1309441.248171;1;0.000000;0.000001;0.023650;o;0.000017;0.000880;0.004577;0.005361;0.009939;0.009975;0.002799;0.023636;
0;2147483647;100000;1613;62;1331359.979541;1;0.000000;0.000001;0.021568;o;0.000016;0.000858;0.004577;0.003318;0.007897;0.009899;0.002855;0.021555;
0;2147483647;100000;1588;63;1352319.676952;1;0.000000;0.000001;0.033266;o;0.000018;0.000892;0.004672;0.008771;0.013444;0.013343;0.005521;0.033249;
0;2147483647;100000;1563;64;1373949.870122;1;0.000000;0.000001;0.021053;o;0.000017;0.000843;0.004402;0.003161;0.007563;0.009668;0.002914;0.021038;
0;2147483647;100000;1539;65;1395375.988954;1;0.000000;0.000001;0.029041;o;0.000014;0.000826;0.004385;0.003441;0.007826;0.011457;0.008875;0.029028;
0;2147483647;100000;1516;66;1416545.941293;1;0.000000;0.000001;0.031664;o;0.000018;0.000889;0.004725;0.006314;0.011040;0.013247;0.006423;0.031649;
0;2147483647;100000;1493;67;1438368.149364;1;0.000000;0.000001;0.021623;o;0.000015;0.000833;0.004402;0.003044;0.007447;0.010146;0.003138;0.021611;
0;2147483647;100000;1471;68;1459880.113528;1;0.000000;0.000001;0.036588;o;0.000015;0.000832;0.004463;0.008329;0.012793;0.015519;0.007387;0.036575;
0;2147483647;100000;1450;69;1481023.204828;1;0.000000;0.000001;0.027775;o;0.000016;0.000848;0.004499;0.006897;0.011397;0.012284;0.003191;0.027761;
0;2147483647;100000;1429;70;1502787.716585;1;0.000000;0.000001;0.027591;o;0.000015;0.000831;0.004404;0.003325;0.007729;0.010981;0.007989;0.027577;
0;2147483647;100000;1409;71;1524118.982967;1;0.000000;0.000001;0.035073;o;0.000016;0.000899;0.004690;0.008267;0.012959;0.013695;0.007453;0.035055;
0;2147483647;100000;1389;72;1546064.540677;1;0.000000;0.000001;0.022480;o;0.000013;0.000836;0.004403;0.003263;0.007668;0.010865;0.003056;0.022467;
0;2147483647;100000;1370;73;1567506.311679;1;0.000000;0.000001;0.036770;o;0.000013;0.000828;0.004424;0.007061;0.011487;0.016441;0.007964;0.036758;
0;2147483647;100000;1352;74;1588375.478550;1;0.000000;0.000001;0.030060;o;0.000021;0.000839;0.004499;0.007273;0.011774;0.013385;0.003998;0.030046;
0;2147483647;100000;1334;75;1609807.831334;1;0.000000;0.000001;0.031287;o;0.000013;0.000840;0.004447;0.003952;0.008400;0.013136;0.008849;0.031273;
0;2147483647;100000;1316;76;1631826.479483;1;0.000000;0.000001;0.031220;o;0.000016;0.000897;0.004529;0.005831;0.010362;0.013856;0.006034;0.031203;
0;2147483647;100000;1299;77;1653182.176289;1;0.000000;0.000001;0.021882;o;0.000012;0.000824;0.004395;0.002668;0.007064;0.011260;0.002687;0.021869;
0;2147483647;100000;1283;78;1673798.633671;1;0.000000;0.000001;0.036439;o;0.000013;0.000831;0.004455;0.008315;0.012772;0.016714;0.006068;0.036426;
0;2147483647;100000;1266;79;1696274.602686;1;0.000000;0.000001;0.027642;o;0.000014;0.000839;0.004534;0.006152;0.010687;0.012976;0.003087;0.027629;
0;2147483647;100000;1250;80;1717986.917600;1;0.000000;0.000001;0.028740;o;0.000012;0.000826;0.004368;0.002873;0.007242;0.012140;0.008480;0.028727;
0;2147483647;100000;1235;81;1738853.155466;1;0.000000;0.000001;0.033792;o;0.000015;0.000887;0.004648;0.006910;0.011560;0.015041;0.006242;0.033777;
0;2147483647;100000;1220;82;1760232.497541;1;0.000000;0.000001;0.023590;o;0.000012;0.000826;0.004372;0.003026;0.007398;0.012335;0.002982;0.023577;
0;2147483647;100000;1205;83;1782144.105394;1;0.000000;0.000001;0.037626;o;0.000012;0.000823;0.004445;0.008421;0.012868;0.017593;0.006289;0.037613;
0;2147483647;100000;1191;84;1803092.902603;1;0.000000;0.000001;0.028746;o;0.000013;0.000835;0.004582;0.006116;0.010700;0.013732;0.003425;0.028733;
0;2147483647;100000;1177;85;1824540.056924;1;0.000000;0.000001;0.031225;o;0.000011;0.000822;0.004371;0.003058;0.007430;0.014045;0.008878;0.031212;
0;2147483647;100000;1163;86;1846503.565778;1;0.000000;0.000001;0.033568;o;0.000015;0.000895;0.004571;0.006387;0.010959;0.016358;0.005299;0.033553;
0;2147483647;100000;1150;87;1867377.084348;1;0.000000;0.000001;0.025788;o;0.000010;0.000829;0.004411;0.003373;0.007784;0.013428;0.003699;0.025776;
0;2147483647;100000;1137;88;1888727.921724;1;0.000000;0.000001;0.038445;o;0.000011;0.000872;0.004713;0.008788;0.013502;0.017492;0.006528;0.038432;
0;2147483647;100000;1124;89;1910572.639680;1;0.000000;0.000001;0.028721;o;0.000013;0.000881;0.004567;0.004245;0.008813;0.014435;0.004537;0.028708;
0;2147483647;100000;1112;90;1931190.330036;1;0.000000;0.000001;0.036048;o;0.000010;0.000825;0.004601;0.004124;0.008727;0.017564;0.008879;0.036034;
0;2147483647;100000;1099;91;1954034.255687;1;0.000000;0.000001;0.032699;o;0.000012;0.000845;0.004450;0.005675;0.010126;0.016741;0.004933;0.032685;
0;2147483647;100000;1087;92;1975605.931003;1;0.000000;0.000001;0.033710;o;0.000011;0.000834;0.004428;0.004133;0.008562;0.015526;0.008736;0.033697;
0;2147483647;100000;1076;93;1995802.645911;1;0.000000;0.000001;0.038357;o;0.000013;0.000895;0.004741;0.008397;0.013139;0.017578;0.006688;0.038342;
0;2147483647;100000;1064;94;2018311.698308;1;0.000000;0.000001;0.032489;o;0.000011;0.000829;0.004446;0.004411;0.008858;0.015949;0.006801;0.032476;
0;2147483647;100000;1053;95;2039395.676163;1;0.000000;0.000001;0.040249;o;0.000012;0.000895;0.004847;0.008811;0.013660;0.017761;0.007877;0.040235;
0;2147483647;100000;1042;96;2060924.805182;1;0.000000;0.000001;0.031331;o;0.000011;0.001035;0.004432;0.004192;0.008625;0.016193;0.005428;0.031318;
0;2147483647;100000;1031;97;2082913.333657;1;0.000000;0.000001;0.039249;o;0.000012;0.000884;0.004769;0.008853;0.013623;0.018497;0.006189;0.039234;
0;2147483647;100000;1021;98;2103314.051910;1;0.000000;0.000001;0.031468;o;0.000012;0.000880;0.004502;0.004114;0.008617;0.016448;0.005470;0.031454;
0;2147483647;100000;1011;99;2124118.345203;1;0.000000;0.000001;0.038488;o;0.000010;0.000838;0.004426;0.006053;0.010481;0.020232;0.006889;0.038475;
0;2147483647;100000;100000;1;21474.836470;1;0.000000;0.000140;0.018765;o;0.001126;0.000857;0.006863;0.004488;0.011352;0.002955;0.002298;0.018613;
0;2147483647;100000;50000;2;42949.672940;1;0.000000;0.000089;0.014318;o;0.000544;0.000854;0.005032;0.002943;0.007976;0.002888;0.001930;0.014217;
0;2147483647;100000;33334;3;64423.220946;1;0.000000;0.000072;0.015661;o;0.000349;0.000857;0.004846;0.002835;0.007682;0.003405;0.003256;0.015576;
0;2147483647;100000;25000;4;85899.345880;1;0.000000;0.000052;0.021313;o;0.000296;0.000906;0.005576;0.005315;0.010892;0.006516;0.002608;0.021247;
0;2147483647;100000;20000;5;107374.182350;1;0.000000;0.000054;0.017498;o;0.000215;0.000858;0.004770;0.004659;0.009431;0.005019;0.001883;0.017432;
0;2147483647;100000;16667;6;128846.441891;1;0.000000;0.000040;0.014323;o;0.000165;0.000853;0.004600;0.003126;0.007727;0.003536;0.001960;0.014272;
0;2147483647;100000;14286;7;150320.848873;1;0.000000;0.000044;0.017181;o;0.000139;0.000845;0.004580;0.003241;0.007821;0.003755;0.004537;0.017124;
0;2147483647;100000;12500;8;171798.691760;1;0.000000;0.000039;0.022360;o;0.000147;0.000894;0.004979;0.006999;0.011979;0.006456;0.002804;0.022307;
0;2147483647;100000;11112;9;193258.067585;1;0.000000;0.000034;0.018926;o;0.000117;0.000855;0.004671;0.006024;0.010697;0.004984;0.002202;0.018880;
0;2147483647;100000;10000;10;214748.364700;1;0.000000;0.000033;0.015351;o;0.000099;0.000849;0.004486;0.003754;0.008241;0.003897;0.002194;0.015305;
0;2147483647;100000;9091;11;236220.838962;1;0.000000;0.000034;0.029408;o;0.000099;0.000839;0.004505;0.006608;0.011114;0.009081;0.008201;0.029362;
0;2147483647;100000;8334;12;257677.423446;1;0.000000;0.000031;0.022648;o;0.000092;0.000855;0.004444;0.005607;0.010052;0.006839;0.004740;0.022604;
0;2147483647;100000;7693;13;279147.750812;1;0.000000;0.000001;0.016171;o;0.000073;0.000841;0.004412;0.004124;0.008537;0.004406;0.002276;0.016158;
0;2147483647;100000;7143;14;300641.697746;1;0.000000;0.000001;0.023644;o;0.000068;0.000843;0.004397;0.004141;0.008539;0.005545;0.008606;0.023630;
0;2147483647;100000;6667;15;322106.441728;1;0.000000;0.000001;0.023333;o;0.000075;0.000896;0.004719;0.007466;0.012186;0.006375;0.003758;0.023318;
0;2147483647;100000;6250;16;343597.383520;1;0.000000;0.000001;0.015861;o;0.000069;0.000883;0.004425;0.003795;0.008222;0.004325;0.002320;0.015847;
0;2147483647;100000;5883;17;365032.066463;1;0.000000;0.000001;0.016289;o;0.000056;0.000840;0.004388;0.004010;0.008400;0.004541;0.002413;0.016276;
0;2147483647;100000;5556;18;386516.135169;1;0.000000;0.000001;0.031756;o;0.000052;0.000865;0.004641;0.008564;0.013206;0.009723;0.007872;0.031744;
0;2147483647;100000;5264;19;407956.619871;1;0.000000;0.000001;0.019736;o;0.000050;0.000842;0.004442;0.006285;0.010728;0.005880;0.002198;0.019723;
0;2147483647;100000;5000;20;429496.729400;1;0.000000;0.000001;0.014798;o;0.000044;0.000823;0.004348;0.002958;0.007306;0.004377;0.002208;0.014786;
0;2147483647;100000;4762;21;450962.546619;1;0.000000;0.000001;0.024643;o;0.000044;0.000818;0.004372;0.003045;0.007418;0.007712;0.008607;0.024630;
0;2147483647;100000;4546;22;472389.715574;1;0.000000;0.000001;0.022664;o;0.000051;0.000856;0.004419;0.005385;0.009806;0.006553;0.005357;0.022650;
0;2147483647;100000;4348;23;493901.482751;1;0.000000;0.000001;0.016984;o;0.000042;0.000842;0.004398;0.003903;0.008302;0.005179;0.002581;0.016971;
0;2147483647;100000;4167;24;515354.846892;1;0.000000;0.000001;0.017176;o;0.000044;0.000832;0.004383;0.004095;0.008479;0.005294;0.002486;0.017163;
0;2147483647;100000;4000;25;536870.911750;1;0.000000;0.000001;0.028704;o;0.000047;0.000898;0.004722;0.008794;0.013517;0.009083;0.005115;0.028689;
0;2147483647;100000;3847;26;558222.939173;1;0.000000;0.000001;0.020611;o;0.000041;0.000868;0.004603;0.006207;0.010810;0.006133;0.002717;0.020597;
0;2147483647;100000;3704;27;579774.202754;1;0.000000;0.000001;0.027258;o;0.000035;0.000837;0.004475;0.006867;0.011343;0.008390;0.006613;0.027246;
0;2147483647;100000;3572;28;601199.229283;1;0.000000;0.000001;0.026437;o;0.000042;0.000905;0.005000;0.008723;0.013724;0.007870;0.003850;0.026422;
0;2147483647;100000;3449;29;622639.503334;1;0.000000;0.000001;0.019539;o;0.000034;0.000886;0.004655;0.005472;0.010128;0.005811;0.002641;0.019526;
0;2147483647;100000;3334;30;644116.270846;1;0.000000;0.000001;0.017648;o;0.000032;0.000835;0.004479;0.003776;0.008256;0.005728;0.002760;0.017634;
0;2147483647;100000;3226;31;665679.989771;1;0.000000;0.000001;0.031214;o;0.000030;0.000864;0.004688;0.008478;0.013167;0.010425;0.006688;0.031201;
0;2147483647;100000;3125;32;687194.767040;1;0.000000;0.000001;0.021809;o;0.000031;0.000850;0.004486;0.006686;0.011173;0.007102;0.002613;0.021796;
0;2147483647;100000;3031;33;708506.646981;1;0.000000;0.000001;0.018179;o;0.000027;0.000827;0.004540;0.003823;0.008364;0.006233;0.002688;0.018166;
0;2147483647;100000;2942;34;729940.056764;1;0.000000;0.000001;0.032264;o;0.000027;0.000864;0.004597;0.008224;0.012822;0.010729;0.007782;0.032251;
0;2147483647;100000;2858;35;751393.858293;1;0.000000;0.000001;0.021344;o;0.000027;0.000872;0.004551;0.004801;0.009353;0.008252;0.002795;0.021330;
0;2147483647;100000;2778;36;773032.270338;1;0.000000;0.000001;0.017763;o;0.000025;0.000856;0.004524;0.003471;0.007996;0.006353;0.002493;0.017750;
0;2147483647;100000;2703;37;794481.556419;1;0.000000;0.000001;0.026605;o;0.000025;0.000859;0.004560;0.003555;0.008115;0.009201;0.008364;0.026592;
0;2147483647;100000;2632;38;815913.239742;1;0.000000;0.000001;0.025865;o;0.000029;0.000891;0.004633;0.005783;0.010417;0.008474;0.006005;0.025850;
0;2147483647;100000;2565;39;837225.593372;1;0.000000;0.000001;0.020479;o;0.000031;0.000884;0.004610;0.004539;0.009151;0.007491;0.002875;0.020465;
0;2147483647;100000;2500;40;858993.458800;1;0.000000;0.000001;0.027577;o;0.000024;0.000861;0.004542;0.003940;0.008483;0.009186;0.008975;0.027564;
0;2147483647;100000;2440;41;880116.248770;1;0.000000;0.000001;0.029178;o;0.000030;0.000892;0.004608;0.006743;0.011352;0.009834;0.007025;0.029164;
0;2147483647;100000;2381;42;901925.093238;1;0.000000;0.000001;0.019681;o;0.000021;0.000858;0.004576;0.003911;0.008488;0.007429;0.002843;0.019668;
0;2147483647;100000;2326;43;923251.782889;1;0.000000;0.000001;0.028619;o;0.000021;0.000863;0.004553;0.003930;0.008484;0.010362;0.008845;0.028605;
0;2147483647;100000;2273;44;944779.431148;1;0.000000;0.000001;0.028246;o;0.000026;0.000889;0.004591;0.005598;0.010190;0.009945;0.007151;0.028232;
0;2147483647;100000;2223;45;966029.530814;1;0.000000;0.000001;0.021132;o;0.000021;0.000863;0.004529;0.004185;0.008715;0.008335;0.003159;0.021119;
0;2147483647;100000;2174;46;987802.965501;1;0.000000;0.000001;0.032310;o;0.000020;0.000863;0.004546;0.005301;0.009848;0.012729;0.008810;0.032297;
0;2147483647;100000;2128;47;1009155.849154;1;0.000000;0.000001;0.025214;o;0.000020;0.000874;0.004576;0.005667;0.010245;0.010651;0.003381;0.025200;
0;2147483647;100000;2084;48;1030462.402591;1;0.000000;0.000001;0.022629;o;0.000020;0.000873;0.004551;0.004680;0.009232;0.009092;0.003370;0.022615;
0;2147483647;100000;2041;49;1052172.291524;1;0.000000;0.000001;0.034714;o;0.000021;0.000879;0.004679;0.008637;0.013317;0.013052;0.007398;0.034700;
0;2147483647;100000;2000;50;1073741.823500;1;0.000000;0.000001;0.025076;o;0.000020;0.000884;0.004582;0.007004;0.011587;0.009659;0.002883;0.025061;
0;2147483647;100000;1961;51;1095096.199388;1;0.000000;0.000001;0.020023;o;0.000019;0.000873;0.004553;0.003545;0.008098;0.008207;0.002790;0.020010;
0;2147483647;100000;1924;52;1116155.741684;1;0.000000;0.000001;0.031484;o;0.000021;0.000884;0.004647;0.008357;0.013005;0.012611;0.004922;0.031470;
0;2147483647;100000;1887;53;1138041.148384;1;0.000000;0.000001;0.024392;o;0.000019;0.000876;0.004589;0.006268;0.010858;0.009609;0.002988;0.024378;
0;2147483647;100000;1852;54;1159548.405508;1;0.000000;0.000001;0.020868;o;0.000019;0.000861;0.004555;0.003586;0.008142;0.008782;0.003022;0.020855;
0;2147483647;100000;1819;55;1180584.742716;1;0.000000;0.000001;0.031006;o;0.000021;0.000886;0.004639;0.008329;0.012969;0.012597;0.004489;0.030992;
0;2147483647;100000;1786;56;1202398.458567;1;0.000000;0.000001;0.025060;o;0.000020;0.000873;0.004569;0.006254;0.010824;0.010123;0.003175;0.025046;
0;2147483647;100000;1755;57;1223637.405698;1;0.000000;0.000001;0.019222;o;0.000018;0.000849;0.004513;0.002807;0.007321;0.008565;0.002433;0.019210;
0;2147483647;100000;1725;58;1244918.056232;1;0.000000;0.000001;0.030488;o;0.000020;0.000884;0.004625;0.008219;0.012845;0.012896;0.003795;0.030472;
0;2147483647;100000;1695;59;1266952.004130;1;0.000000;0.000001;0.023321;o;0.000019;0.000874;0.004572;0.005608;0.010181;0.009627;0.002576;0.023307;
0;2147483647;100000;1667;60;1288232.541692;1;0.000000;0.000001;0.021214;o;0.000017;0.000864;0.004531;0.003322;0.007854;0.009634;0.002798;0.021201;
0;2147483647;100000;1640;61;1309441.248171;1;0.000000;0.000001;0.032356;o;0.000019;0.000893;0.004689;0.008550;0.013240;0.012958;0.005200;0.032341;
0;2147483647;100000;1613;62;1331359.979541;1;0.000000;0.000001;0.023499;o;0.000018;0.000880;0.004559;0.004522;0.009082;0.010252;0.003215;0.023484;
0;2147483647;100000;1588;63;1352319.676952;1;0.000000;0.000001;0.025507;o;0.000015;0.000859;0.004502;0.003447;0.007950;0.010131;0.006507;0.025492;
0;2147483647;100000;1563;64;1373949.870122;1;0.000000;0.000001;0.034010;o;0.000019;0.000892;0.004845;0.008627;0.013474;0.012850;0.006727;0.033994;
0;2147483647;100000;1539;65;1395375.988954;1;0.000000;0.000001;0.023129;o;0.000016;0.000862;0.004601;0.003631;0.008233;0.010566;0.003411;0.023116;
0;2147483647;100000;1516;66;1416545.941293;1;0.000000;0.000001;0.031835;o;0.000016;0.000867;0.004584;0.003685;0.008270;0.013781;0.008859;0.031821;
0;2147483647;100000;1493;67;1438368.149364;1;0.000000;0.000001;0.029249;o;0.000017;0.000881;0.004565;0.005497;0.010063;0.013818;0.004427;0.029234;
0;2147483647;100000;1471;68;1459880.113528;1;0.000000;0.000001;0.023428;o;0.000014;0.000854;0.004529;0.003586;0.008116;0.010997;0.003408;0.023416;
0;2147483647;100000;1450;69;1481023.204828;1;0.000000;0.000001;0.036871;o;0.000015;0.000862;0.004540;0.008544;0.013085;0.015675;0.007193;0.036858;
0;2147483647;100000;1429;70;1502787.716585;1;0.000000;0.000001;0.028546;o;0.000016;0.000865;0.004616;0.006871;0.011489;0.012600;0.003533;0.028531;
0;2147483647;100000;1409;71;1524118.982967;1;0.000000;0.000001;0.029799;o;0.000014;0.000867;0.004571;0.003769;0.008341;0.011839;0.008694;0.029785;
0;2147483647;100000;1389;72;1546064.540677;1;0.000000;0.000001;0.034779;o;0.000016;0.000929;0.004805;0.007569;0.012375;0.014263;0.007127;0.034758;
0;2147483647;100000;1370;73;1567506.311679;1;0.000000;0.000001;0.024340;o;0.000013;0.000859;0.004528;0.003561;0.008090;0.011822;0.003516;0.024327;
0;2147483647;100000;1352;74;1588375.478550;1;0.000000;0.000001;0.037507;o;0.000013;0.000857;0.004539;0.008013;0.012553;0.016617;0.007424;0.037493;
0;2147483647;100000;1334;75;1609807.831334;1;0.000000;0.000001;0.029849;o;0.000014;0.000870;0.004591;0.007036;0.011628;0.013504;0.003790;0.029835;
0;2147483647;100000;1316;76;1631826.479483;1;0.000000;0.000001;0.030591;o;0.000013;0.000874;0.004572;0.003568;0.008141;0.012700;0.008821;0.030578;
0;2147483647;100000;1299;77;1653182.176289;1;0.000001;0.000001;0.033784;o;0.000015;0.000914;0.004754;0.007122;0.011877;0.014386;0.006538;0.033768;
0;2147483647;100000;1283;78;1673798.633671;1;0.000000;0.000001;0.023097;o;0.000012;0.000856;0.004513;0.002834;0.007349;0.011884;0.002950;0.023083;
0;2147483647;100000;1266;79;1696274.602686;1;0.000000;0.000001;0.036555;o;0.000012;0.000850;0.004480;0.006130;0.010611;0.017269;0.007771;0.036542;
0;2147483647;100000;1250;80;1717986.917600;1;0.000000;0.000001;0.030076;o;0.000014;0.000888;0.004581;0.006890;0.011471;0.014151;0.003508;0.030062;
0;2147483647;100000;1235;81;1738853.155466;1;0.000000;0.000001;0.030865;o;0.000012;0.000858;0.004569;0.003404;0.007974;0.013421;0.008558;0.030851;
0;2147483647;100000;1220;82;1760232.497541;1;0.000000;0.000001;0.036531;o;0.000015;0.000898;0.004770;0.008020;0.012791;0.015872;0.006911;0.036516;
0;2147483647;100000;1205;83;1782144.105394;1;0.000000;0.000001;0.026475;o;0.000013;0.000860;0.004594;0.003599;0.008194;0.013500;0.003866;0.026461;
0;2147483647;100000;1191;84;1803092.902603;1;0.000000;0.000001;0.038650;o;0.000012;0.000857;0.004647;0.008982;0.013630;0.017703;0.006401;0.038636;
0;2147483647;100000;1177;85;1824540.056924;1;0.000000;0.000001;0.030034;o;0.000014;0.000871;0.004607;0.005243;0.009851;0.014688;0.004565;0.030020;
0;2147483647;100000;1163;86;1846503.565778;1;0.000000;0.000001;0.035428;o;0.000012;0.000860;0.004634;0.004201;0.008836;0.016721;0.008955;0.035414;
0;2147483647;100000;1150;87;1867377.084348;1;0.000000;0.000001;0.029354;o;0.000012;0.000876;0.004601;0.004371;0.008973;0.015561;0.003887;0.029339;
0;2147483647;100000;1137;88;1888727.921724;1;0.000000;0.000001;0.025707;o;0.000010;0.000834;0.004537;0.003052;0.007591;0.013696;0.003538;0.025695;
0;2147483647;100000;1124;89;1910572.639680;1;0.000000;0.000001;0.038999;o;0.000011;0.000873;0.004770;0.008753;0.013525;0.017755;0.006794;0.038985;
0;2147483647;100000;1112;90;1931190.330036;1;0.000000;0.000001;0.029639;o;0.000012;0.000884;0.004591;0.004015;0.008607;0.015214;0.004872;0.029618;
0;2147483647;100000;1099;91;1954034.255687;1;0.000000;0.000001;0.037229;o;0.000011;0.000859;0.004864;0.004218;0.009083;0.018417;0.008807;0.037215;
0;2147483647;100000;1087;92;1975605.931003;1;0.000000;0.000001;0.033823;o;0.000011;0.000873;0.004638;0.006356;0.010996;0.017001;0.004900;0.033810;
0;2147483647;100000;1076;93;1995802.645911;1;0.000000;0.000001;0.034842;o;0.000011;0.000878;0.004585;0.004081;0.008667;0.016323;0.008920;0.034830;
0;2147483647;100000;1064;94;2018311.698308;1;0.000000;0.000001;0.036385;o;0.000013;0.000899;0.004675;0.007251;0.011928;0.017870;0.005632;0.036370;
0;2147483647;100000;1053;95;2039395.676163;1;0.000000;0.000001;0.028805;o;0.000011;0.000851;0.004565;0.004221;0.008787;0.015557;0.003559;0.028792;
0;2147483647;100000;1042;96;2060924.805182;1;0.000000;0.000001;0.039405;o;0.000014;0.000890;0.004791;0.008697;0.013490;0.018540;0.006427;0.039391;
0;2147483647;100000;1031;97;2082913.333657;1;0.000000;0.000001;0.028551;o;0.000012;0.000870;0.004595;0.003199;0.007796;0.015789;0.004044;0.028538;
0;2147483647;100000;1021;98;2103314.051910;1;0.000000;0.000001;0.037079;o;0.000011;0.000861;0.004540;0.003591;0.008132;0.019383;0.008649;0.037065;
0;2147483647;100000;1011;99;2124118.345203;1;0.000000;0.000001;0.034778;o;0.000011;0.000871;0.004578;0.006394;0.010973;0.017940;0.004943;0.034765;
0;2147483647;100000;100000;1;21474.836470;1;0.000000;0.000151;0.017701;o;0.001129;0.000890;0.005811;0.004002;0.009815;0.003061;0.002616;0.017537;
0;2147483647;100000;50000;2;42949.672940;1;0.000000;0.000097;0.023168;o;0.000600;0.000903;0.006972;0.005020;0.011993;0.005790;0.003744;0.023059;
0;2147483647;100000;33334;3;64423.220946;1;0.000000;0.000067;0.016647;o;0.000365;0.000886;0.005107;0.003456;0.008565;0.004300;0.002414;0.016567;
0;2147483647;100000;25000;4;85899.345880;1;0.000000;0.000053;0.014318;o;0.000264;0.000879;0.004912;0.002850;0.007764;0.003371;0.001947;0.014252;
0;2147483647;100000;20000;5;107374.182350;1;0.000000;0.000047;0.014539;o;0.000211;0.000880;0.004845;0.003043;0.007890;0.003509;0.001960;0.014479;
0;2147483647;100000;16667;6;128846.441891;1;0.000000;0.000049;0.026886;o;0.000190;0.000892;0.005087;0.006000;0.011089;0.008723;0.005895;0.026823;
0;2147483647;100000;14286;7;150320.848873;1;0.000000;0.000057;0.021033;o;0.000160;0.000899;0.004764;0.004714;0.009479;0.006403;0.003990;0.020963;
0;2147483647;100000;12500;8;171798.691760;1;0.000000;0.000035;0.016552;o;0.000130;0.000878;0.004691;0.004212;0.008904;0.004279;0.002285;0.016503;
0;2147483647;100000;11112;9;193258.067585;1;0.000000;0.000043;0.017290;o;0.000117;0.000878;0.004658;0.004381;0.009041;0.004455;0.002711;0.017231;
0;2147483647;100000;10000;10;214748.364700;1;0.000000;0.000038;0.027616;o;0.000121;0.000897;0.004947;0.007897;0.012846;0.008220;0.005454;0.027565;
0;2147483647;100000;9091;11;236220.838962;1;0.000000;0.000044;0.021145;o;0.000103;0.000898;0.004653;0.006856;0.011510;0.005959;0.002589;0.021087;
0;2147483647;100000;8334;12;257677.423446;1;0.000000;0.000035;0.018242;o;0.000088;0.000878;0.004663;0.004916;0.009580;0.005071;0.002546;0.018193;
0;2147483647;100000;7693;13;279147.750812;1;0.000000;0.000001;0.030940;o;0.000080;0.000880;0.004761;0.008489;0.013251;0.008827;0.007849;0.030925;
0;2147483647;100000;7143;14;300641.697746;1;0.000000;0.000001;0.021489;o;0.000079;0.000881;0.004586;0.006472;0.011059;0.006436;0.002991;0.021475;
0;2147483647;100000;6667;15;322106.441728;1;0.000000;0.000001;0.016985;o;0.000074;0.000869;0.004554;0.004293;0.008848;0.004542;0.002609;0.016972;
0;2147483647;100000;6250;16;343597.383520;1;0.000000;0.000001;0.025427;o;0.000062;0.000868;0.004553;0.004644;0.009198;0.007264;0.007984;0.025405;
0;2147483647;100000;5883;17;365032.066463;1;0.000000;0.000001;0.022405;o;0.000068;0.000892;0.004649;0.006581;0.011231;0.006207;0.003962;0.022390;
0;2147483647;100000;5556;18;386516.135169;1;0.000000;0.000001;0.017350;o;0.000070;0.000879;0.004591;0.004330;0.008922;0.004852;0.002581;0.017336;
0;2147483647;100000;5264;19;407956.619871;1;0.000000;0.000001;0.018971;o;0.000053;0.000868;0.004564;0.005157;0.009722;0.005617;0.002666;0.018958;
0;2147483647;100000;5000;20;429496.729400;1;0.000000;0.000001;0.029679;o;0.000064;0.000910;0.004753;0.008284;0.013038;0.009325;0.006287;0.029662;
0;2147483647;100000;4762;21;450962.546619;1;0.000000;0.000001;0.019770;o;0.000048;0.000869;0.004542;0.006129;0.010671;0.005801;0.002342;0.019756;
0;2147483647;100000;4546;22;472389.715574;1;0.000000;0.000001;0.015880;o;0.000045;0.000856;0.004511;0.003275;0.007787;0.004774;0.002382;0.015868;
0;2147483647;100000;4348;23;493901.482751;1;0.000000;0.000001;0.025164;o;0.000042;0.000859;0.004509;0.003553;0.008063;0.008042;0.008119;0.025152;
0;2147483647;100000;4167;24;515354.846892;1;0.000000;0.000001;0.022017;o;0.000047;0.000887;0.004582;0.005602;0.010186;0.006607;0.004240;0.022000;
0;2147483647;100000;4000;25;536870.911750;1;0.000000;0.000001;0.017421;o;0.000044;0.000876;0.004552;0.003988;0.008542;0.005348;0.002572;0.017407;
0;2147483647;100000;3847;26;558222.939173;1;0.000000;0.000001;0.017798;o;0.000039;0.000865;0.004554;0.004143;0.008698;0.005514;0.002644;0.017785;
0;2147483647;100000;3704;27;579774.202754;1;0.000000;0.000001;0.029934;o;0.000041;0.000898;0.004835;0.008455;0.013291;0.009686;0.005962;0.029917;
0;2147483647;100000;3572;28;601199.229283;1;0.000000;0.000001;0.021966;o;0.000039;0.000874;0.004575;0.006862;0.011439;0.006795;0.002778;0.021952;
0;2147483647;100000;3449;29;622639.503334;1;0.000000;0.000001;0.018888;o;0.000033;0.000869;0.004545;0.004238;0.008784;0.006380;0.002778;0.018874;
0;2147483647;100000;3334;30;644116.270846;1;0.000000;0.000001;0.033672;o;0.000032;0.000863;0.004589;0.008585;0.013175;0.010970;0.008586;0.033659;
0;2147483647;100000;3226;31;665679.989771;1;0.000000;0.000001;0.023897;o;0.000034;0.000884;0.004582;0.007196;0.011779;0.008059;0.003098;0.023882;
0;2147483647;100000;3125;32;687194.767040;1;0.000000;0.000001;0.020329;o;0.000031;0.000880;0.004597;0.004767;0.009365;0.007052;0.002960;0.020316;
0;2147483647;100000;3031;33;708506.646981;1;0.000000;0.000001;0.034072;o;0.000031;0.000873;0.004631;0.008786;0.013418;0.011628;0.008080;0.034058;
0;2147483647;100000;2942;34;729940.056764;1;0.000000;0.000001;0.022707;o;0.000028;0.000871;0.004502;0.006933;0.011436;0.007805;0.002519;0.022692;
0;2147483647;100000;2858;35;751393.858293;1;0.000000;0.000001;0.017438;o;0.000025;0.000834;0.004371;0.003539;0.007911;0.006165;0.002463;0.017425;
0;2147483647;100000;2778;36;773032.270338;1;0.000000;0.000001;0.033754;o;0.000025;0.000829;0.004495;0.008385;0.012881;0.011559;0.008419;0.033742;
0;2147483647;100000;2703;37;794481.556419;1;0.000000;0.000001;0.024890;o;0.000028;0.000846;0.004472;0.007652;0.012125;0.008520;0.003326;0.024876;
0;2147483647;100000;2632;38;815913.239742;1;0.000000;0.000001;0.021026;o;0.000034;0.000840;0.004432;0.004849;0.009282;0.007701;0.003127;0.021013;
0;2147483647;100000;2565;39;837225.593372;1;0.000000;0.000001;0.032263;o;0.000028;0.000897;0.004820;0.008965;0.013786;0.011172;0.006334;0.032248;
0;2147483647;100000;2500;40;858993.458800;1;0.000000;0.000001;0.023356;o;0.000027;0.000885;0.004639;0.006089;0.010730;0.008364;0.003305;0.023341;
0;2147483647;100000;2440;41;880116.248770;1;0.000000;0.000001;0.022917;o;0.000023;0.000837;0.004478;0.005009;0.009488;0.008000;0.004523;0.022903;
0;2147483647;100000;2381;42;901925.093238;1;0.000000;0.000001;0.030879;o;0.000026;0.000910;0.004836;0.008850;0.013688;0.010013;0.006190;0.030864;
0;2147483647;100000;2326;43;923251.782889;1;0.000000;0.000001;0.021794;o;0.000025;0.000895;0.004409;0.004606;0.009016;0.008319;0.003492;0.021779;
0;2147483647;100000;2273;44;944779.431148;1;0.000000;0.000001;0.027329;o;0.000021;0.000836;0.004427;0.004666;0.009095;0.008728;0.008605;0.027315;
0;2147483647;100000;2223;45;966029.530814;1;0.000000;0.000001;0.030346;o;0.000025;0.000905;0.004979;0.008167;0.013146;0.010022;0.006198;0.030329;
0;2147483647;100000;2174;46;987802.965501;1;0.000000;0.000001;0.022012;o;0.000020;0.000840;0.004450;0.004847;0.009299;0.008495;0.003317;0.021999;
0;2147483647;100000;2128;47;1009155.849154;1;0.000000;0.000001;0.031770;o;0.000019;0.000833;0.004471;0.005327;0.009799;0.012616;0.008451;0.031756;
0;2147483647;100000;2084;48;1030462.402591;1;0.000000;0.000001;0.031403;o;0.000022;0.000855;0.004516;0.006650;0.011167;0.012398;0.006914;0.031389;
0;2147483647;100000;2041;49;1052172.291524;1;0.000000;0.000001;0.023999;o;0.000020;0.000841;0.004514;0.004984;0.009499;0.009380;0.004217;0.023986;
0;2147483647;100000;2000;50;1073741.823500;1;0.000000;0.000001;0.033596;o;0.000024;0.000899;0.004863;0.008948;0.013813;0.012227;0.006590;0.033581;
0;2147483647;100000;1961;51;1095096.199388;1;0.000000;0.000001;0.024125;o;0.000022;0.000886;0.004615;0.004958;0.009574;0.009532;0.004069;0.024110;
0;2147483647;100000;1924;52;1116155.741684;1;0.000000;0.000001;0.029521;o;0.000019;0.000850;0.004491;0.004928;0.009420;0.010685;0.008506;0.029508;
0;2147483647;100000;1887;53;1138041.148384;1;0.000000;0.000001;0.030831;o;0.000023;0.000892;0.004710;0.007196;0.011907;0.010875;0.007092;0.030817;
0;2147483647;100000;1852;54;1159548.405508;1;0.000000;0.000001;0.024320;o;0.000018;0.000840;0.004474;0.004755;0.009231;0.009906;0.004286;0.024307;
0;2147483647;100000;1819;55;1180584.742716;1;0.000000;0.000001;0.034809;o;0.000018;0.000837;0.004445;0.006542;0.010989;0.013856;0.009068;0.034796;
0;2147483647;100000;1786;56;1202398.458567;1;0.000000;0.000001;0.027858;o;0.000019;0.000841;0.004454;0.006482;0.010937;0.011793;0.004219;0.027838;
0;2147483647;100000;1755;57;1223637.405698;1;0.000000;0.000001;0.024052;o;0.000017;0.000839;0.004421;0.004507;0.008929;0.010110;0.004112;0.024039;
0;2147483647;100000;1725;58;1244918.056232;1;0.000000;0.000001;0.033479;o;0.000022;0.000895;0.004652;0.008482;0.013135;0.013043;0.006340;0.033464;
0;2147483647;100000;1695;59;1266952.004130;1;0.000000;0.000001;0.027338;o;0.000020;0.000878;0.004600;0.006040;0.010641;0.011016;0.004741;0.027325;
0;2147483647;100000;1667;60;1288232.541692;1;0.000000;0.000001;0.031254;o;0.000017;0.000837;0.004440;0.004946;0.009387;0.012417;0.008555;0.031241;
0;2147483647;100000;1640;61;1309441.248171;1;0.000000;0.000001;0.031623;o;0.000019;0.000889;0.004556;0.006931;0.011488;0.012362;0.006822;0.031608;
0;2147483647;100000;1613;62;1331359.979541;1;0.000000;0.000001;0.024109;o;0.000016;0.000845;0.004430;0.004558;0.008989;0.010519;0.003701;0.024096;
0;2147483647;100000;1588;63;1352319.676952;1;0.000000;0.000001;0.035252;o;0.000016;0.000837;0.004465;0.007952;0.012418;0.014529;0.007413;0.035239;
0;2147483647;100000;1563;64;1373949.870122;1;0.000000;0.000001;0.027185;o;0.000017;0.000845;0.004447;0.006547;0.010996;0.011608;0.003679;0.027172;
0;2147483647;100000;1539;65;1395375.988954;1;0.000000;0.000001;0.024722;o;0.000017;0.000840;0.004443;0.004003;0.008448;0.010697;0.004680;0.024709;
0;2147483647;100000;1516;66;1416545.941293;1;0.000000;0.000001;0.032804;o;0.000025;0.000901;0.004656;0.008406;0.013063;0.013272;0.005502;0.032790;
0;2147483647;100000;1493;67;1438368.149364;1;0.000000;0.000001;0.025291;o;0.000018;0.000886;0.004467;0.004201;0.008669;0.011240;0.004436;0.025277;
0;2147483647;100000;1471;68;1459880.113528;1;0.000000;0.000001;0.032772;o;0.000016;0.000837;0.004411;0.004597;0.009009;0.013958;0.008911;0.032759;
0;2147483647;100000;1450;69;1481023.204828;1;0.000000;0.000001;0.031892;o;0.000018;0.000856;0.004430;0.006295;0.010726;0.014152;0.006096;0.031877;
0;2147483647;100000;1429;70;1502787.716585;1;0.000000;0.000001;0.026712;o;0.000015;0.000842;0.004415;0.004577;0.008994;0.012154;0.004668;0.026700;
0;2147483647;100000;1409;71;1524118.982967;1;0.000000;0.000001;0.036449;o;0.000016;0.000892;0.004661;0.008854;0.013516;0.014949;0.007033;0.036434;
0;2147483647;100000;1389;72;1546064.540677;1;0.000000;0.000001;0.027084;o;0.000015;0.000885;0.004466;0.004449;0.008916;0.012426;0.004799;0.027070;
0;2147483647;100000;1370;73;1567506.311679;1;0.000000;0.000001;0.034139;o;0.000014;0.000843;0.004384;0.004575;0.008960;0.015356;0.008927;0.034126;
0;2147483647;100000;1352;74;1588375.478550;1;0.000000;0.000001;0.031165;o;0.000015;0.000852;0.004477;0.006231;0.010710;0.014576;0.004970;0.031151;
0;2147483647;100000;1334;75;1609807.831334;1;0.000000;0.000001;0.027663;o;0.000013;0.000837;0.004407;0.004441;0.008849;0.012820;0.005106;0.027651;
0;2147483647;100000;1316;76;1631826.479483;1;0.000000;0.000001;0.037091;o;0.000017;0.000895;0.004613;0.008856;0.013470;0.015393;0.007273;0.037076;
0;2147483647;100000;1299;77;1653182.176289;1;0.000000;0.000001;0.029199;o;0.000014;0.000844;0.004410;0.004752;0.009163;0.013650;0.005484;0.029185;
0;2147483647;100000;1283;78;1673798.633671;1;0.000000;0.000001;0.037409;o;0.000013;0.000840;0.004417;0.006630;0.011048;0.017235;0.008234;0.037397;
0;2147483647;100000;1266;79;1696274.602686;1;0.000000;0.000001;0.032395;o;0.000014;0.000848;0.004457;0.007277;0.011736;0.014603;0.005154;0.032381;
0;2147483647;100000;1250;80;1717986.917600;1;0.000000;0.000001;0.034418;o;0.000013;0.000835;0.004407;0.004515;0.008923;0.015684;0.008922;0.034405;
0;2147483647;100000;1235;81;1738853.155466;1;0.000000;0.000001;0.032274;o;0.000015;0.000854;0.004444;0.005842;0.010286;0.015760;0.005318;0.032260;
0;2147483647;100000;1220;82;1760232.497541;1;0.000000;0.000001;0.029241;o;0.000013;0.000837;0.004411;0.004310;0.008723;0.013874;0.005753;0.029228;
0;2147483647;100000;1205;83;1782144.105394;1;0.000000;0.000001;0.037862;o;0.000016;0.000891;0.004778;0.008806;0.013585;0.015872;0.007455;0.037847;
0;2147483647;100000;1191;84;1803092.902603;1;0.000000;0.000001;0.028660;o;0.000013;0.000832;0.004388;0.004221;0.008610;0.014181;0.004985;0.028647;
0;2147483647;100000;1177;85;1824540.056924;1;0.000000;0.000001;0.039080;o;0.000012;0.000837;0.004488;0.008189;0.012678;0.018045;0.007467;0.039066;
0;2147483647;100000;1163;86;1846503.565778;1;0.000000;0.000001;0.032606;o;0.000014;0.000836;0.004603;0.006901;0.011505;0.015188;0.005023;0.032593;
0;2147483647;100000;1150;87;1867377.084348;1;0.000000;0.000001;0.035188;o;0.000011;0.000832;0.004437;0.004162;0.008599;0.016770;0.008935;0.035175;
0;2147483647;100000;1137;88;1888727.921724;1;0.000000;0.000001;0.032967;o;0.000012;0.000850;0.004451;0.006005;0.010457;0.016501;0.005103;0.032953;
0;2147483647;100000;1124;89;1910572.639680;1;0.000000;0.000001;0.033069;o;0.000011;0.000837;0.004596;0.004297;0.008894;0.015027;0.008258;0.033055;
0;2147483647;100000;1112;90;1931190.330036;1;0.000000;0.000001;0.038631;o;0.000013;0.000890;0.004765;0.008556;0.013322;0.016960;0.007396;0.038617;
0;2147483647;100000;1099;91;1954034.255687;1;0.000000;0.000001;0.030177;o;0.000011;0.000833;0.004426;0.004317;0.008744;0.015402;0.005147;0.030164;
0;2147483647;100000;1087;92;1975605.931003;1;0.000000;0.000001;0.039919;o;0.000012;0.000885;0.004801;0.009056;0.013858;0.017968;0.007154;0.039904;
0;2147483647;100000;1076;93;1995802.645911;1;0.000000;0.000001;0.030695;o;0.000012;0.000850;0.004438;0.004211;0.008649;0.015637;0.005495;0.030670;
0;2147483647;100000;1064;94;2018311.698308;1;0.000000;0.000001;0.039198;o;0.000011;0.000837;0.004444;0.006560;0.011006;0.019460;0.007842;0.039184;
0;2147483647;100000;1053;95;2039395.676163;1;0.000000;0.000001;0.034941;o;0.000012;0.000840;0.004552;0.007347;0.011900;0.016788;0.005359;0.034928;
0;2147483647;100000;1042;96;2060924.805182;1;0.000000;0.000001;0.037127;o;0.000011;0.000856;0.004420;0.004223;0.008644;0.018666;0.008909;0.037114;
0;2147483647;100000;1031;97;2082913.333657;1;0.000000;0.000001;0.034826;o;0.000012;0.000898;0.004611;0.006216;0.010829;0.017960;0.005084;0.034812;
0;2147483647;100000;1021;98;2103314.051910;1;0.000000;0.000001;0.036420;o;0.000010;0.000865;0.004591;0.004504;0.009096;0.017448;0.008959;0.036407;
0;2147483647;100000;1011;99;2124118.345203;1;0.000000;0.000001;0.035339;o;0.000013;0.000902;0.004751;0.006767;0.011519;0.018178;0.004682;0.035324;
0;2147483647;100000;100000;1;21474.836470;1;0.000000;0.000149;0.017558;o;0.001139;0.000888;0.005918;0.003939;0.009858;0.002954;0.002534;0.017397;
0;2147483647;100000;50000;2;42949.672940;1;0.000000;0.000095;0.019632;o;0.000561;0.000881;0.005137;0.003821;0.008959;0.005353;0.003741;0.019524;
0;2147483647;100000;33334;3;64423.220946;1;0.000000;0.000063;0.016407;o;0.000388;0.000904;0.005573;0.003884;0.009458;0.003581;0.001972;0.016330;
0;2147483647;100000;25000;4;85899.345880;1;0.000000;0.000055;0.015211;o;0.000274;0.000887;0.004936;0.003668;0.008606;0.003447;0.001905;0.015143;
0;2147483647;100000;20000;5;107374.182350;1;0.000000;0.000042;0.013889;o;0.000203;0.000874;0.004838;0.002576;0.007415;0.003394;0.001923;0.013835;
0;2147483647;100000;16667;6;128846.441891;1;0.000000;0.000051;0.014600;o;0.000179;0.000870;0.004794;0.002959;0.007754;0.003461;0.002245;0.014537;
0;2147483647;100000;14286;7;150320.848873;1;0.000000;0.000043;0.023368;o;0.000168;0.000898;0.004929;0.006244;0.011175;0.007280;0.003755;0.023309;
0;2147483647;100000;12500;8;171798.691760;1;0.000000;0.000034;0.018687;o;0.000132;0.000857;0.004702;0.005185;0.009889;0.005534;0.002203;0.018640;
0;2147483647;100000;11112;9;193258.067585;1;0.000000;0.000034;0.015725;o;0.000118;0.000866;0.004670;0.003837;0.008509;0.003867;0.002294;0.015679;
0;2147483647;100000;10000;10;214748.364700;1;0.000000;0.000052;0.018066;o;0.000109;0.000867;0.004600;0.003819;0.008421;0.004005;0.004571;0.018002;
0;2147483647;100000;9091;11;236220.838962;1;0.000000;0.000035;0.022753;o;0.000108;0.000888;0.004747;0.007514;0.012262;0.006356;0.003063;0.022704;
0;2147483647;100000;8334;12;257677.423446;1;0.000000;0.000034;0.019628;o;0.000093;0.000881;0.004617;0.006308;0.010927;0.005204;0.002441;0.019574;
0;2147483647;100000;7693;13;279147.750812;1;0.000000;0.000001;0.017351;o;0.000075;0.000880;0.004622;0.004457;0.009079;0.004853;0.002422;0.017337;
0;2147483647;100000;7143;14;300641.697746;1;0.000000;0.000001;0.031215;o;0.000078;0.000861;0.004643;0.007885;0.012529;0.009334;0.008370;0.031201;
0;2147483647;100000;6667;15;322106.441728;1;0.000000;0.000001;0.019523;o;0.000067;0.000871;0.004586;0.004756;0.009343;0.006195;0.003002;0.019509;
0;2147483647;100000;6250;16;343597.383520;1;0.000000;0.000001;0.014997;o;0.000058;0.000858;0.004498;0.003110;0.007608;0.004200;0.002233;0.014984;
0;2147483647;100000;5883;17;365032.066463;1;0.000000;0.000001;0.015315;o;0.000056;0.000850;0.004510;0.003193;0.007704;0.004349;0.002312;0.015302;
0;2147483647;100000;5556;18;386516.135169;1;0.000000;0.000001;0.026716;o;0.000063;0.000892;0.004696;0.008688;0.013385;0.008284;0.004048;0.026701;
0;2147483647;100000;5264;19;407956.619871;1;0.000000;0.000001;0.020889;o;0.000056;0.000880;0.004628;0.006819;0.011448;0.006067;0.002398;0.020875;
0;2147483647;100000;5000;20;429496.729400;1;0.000000;0.000001;0.017221;o;0.000050;0.000868;0.004577;0.004133;0.008711;0.005065;0.002484;0.017207;
0;2147483647;100000;4762;21;450962.546619;1;0.000000;0.000001;0.031017;o;0.000048;0.000868;0.004597;0.008129;0.012727;0.009398;0.007930;0.031003;
0;2147483647;100000;4546;22;472389.715574;1;0.000000;0.000001;0.021553;o;0.000055;0.000868;0.004549;0.005656;0.010206;0.007446;0.002934;0.021539;
0;2147483647;100000;4348;23;493901.482751;1;0.000000;0.000001;0.018127;o;0.000044;0.000865;0.004535;0.004521;0.009056;0.005578;0.002545;0.018114;
0;2147483647;100000;4167;24;515354.846892;1;0.000000;0.000001;0.026437;o;0.000040;0.000862;0.004553;0.004523;0.009077;0.008318;0.008101;0.026425;
0;2147483647;100000;4000;25;536870.911750;1;0.000000;0.000001;0.021923;o;0.000046;0.000890;0.004616;0.005992;0.010608;0.006594;0.003742;0.021909;
0;2147483647;100000;3847;26;558222.939173;1;0.000000;0.000001;0.017518;o;0.000043;0.000880;0.004567;0.003971;0.008539;0.005473;0.002540;0.017504;
0;2147483647;100000;3704;27;579774.202754;1;0.000000;0.000001;0.018318;o;0.000035;0.000866;0.004566;0.004453;0.009020;0.005692;0.002665;0.018305;
0;2147483647;100000;3572;28;601199.229283;1;0.000000;0.000001;0.030168;o;0.000040;0.000881;0.004639;0.008395;0.013035;0.009953;0.006207;0.030153;
0;2147483647;100000;3449;29;622639.503334;1;0.000000;0.000001;0.021900;o;0.000035;0.000874;0.004540;0.006735;0.011276;0.006973;0.002703;0.021886;
0;2147483647;100000;3334;30;644116.270846;1;0.000000;0.000001;0.018284;o;0.000032;0.000869;0.004522;0.004141;0.008663;0.006008;0.002672;0.018270;
0;2147483647;100000;3226;31;665679.989771;1;0.000000;0.000001;0.031947;o;0.000032;0.000867;0.004558;0.007666;0.012225;0.010667;0.008112;0.031934;
0;2147483647;100000;3125;32;687194.767040;1;0.000000;0.000001;0.022790;o;0.000031;0.000872;0.004558;0.005737;0.010297;0.008478;0.003073;0.022777;
0;2147483647;100000;3031;33;708506.646981;1;0.000000;0.000001;0.018947;o;0.000040;0.000867;0.004586;0.004162;0.008750;0.006443;0.002797;0.018934;
0;2147483647;100000;2942;34;729940.056764;1;0.000000;0.000001;0.029312;o;0.000028;0.000873;0.004524;0.004849;0.009374;0.010685;0.008307;0.029299;
0;2147483647;100000;2858;35;751393.858293;1;0.000000;0.000001;0.027336;o;0.000030;0.000867;0.004567;0.005902;0.010470;0.009429;0.006500;0.027323;
0;2147483647;100000;2778;36;773032.270338;1;0.000000;0.000001;0.020427;o;0.000026;0.000880;0.004537;0.004645;0.009183;0.007249;0.003047;0.020413;
0;2147483647;100000;2703;37;794481.556419;1;0.000000;0.000001;0.031102;o;0.000026;0.000864;0.004538;0.005246;0.009786;0.011556;0.008830;0.031089;
0;2147483647;100000;2632;38;815913.239742;1;0.000000;0.000001;0.026980;o;0.000028;0.000883;0.004584;0.006319;0.010904;0.010164;0.004952;0.026964;
0;2147483647;100000;2565;39;837225.593372;1;0.000000;0.000001;0.021214;o;0.000024;0.000863;0.004597;0.004551;0.009150;0.007929;0.003204;0.021201;
0;2147483647;100000;2500;40;858993.458800;1;0.000000;0.000001;0.033482;o;0.000024;0.000865;0.004593;0.007071;0.011665;0.012077;0.008808;0.033467;
0;2147483647;100000;2440;41;880116.248770;1;0.000000;0.000001;0.025429;o;0.000025;0.000877;0.004598;0.006634;0.011233;0.009826;0.003423;0.025413;
0;2147483647;100000;2381;42;901925.093238;1;0.000000;0.000001;0.021344;o;0.000022;0.000864;0.004559;0.004534;0.009094;0.008112;0.003208;0.021331;
0;2147483647;100000;2326;43;923251.782889;1;0.000000;0.000001;0.034772;o;0.000022;0.000860;0.004589;0.008543;0.013134;0.012633;0.008084;0.034759;
0;2147483647;100000;2273;44;944779.431148;1;0.000000;0.000001;0.026025;o;0.000023;0.000881;0.004600;0.007430;0.012031;0.009586;0.003463;0.026011;
0;2147483647;100000;2223;45;966029.530814;1;0.000000;0.000001;0.022603;o;0.000022;0.000873;0.004550;0.004714;0.009266;0.008825;0.003573;0.022589;
0;2147483647;100000;2174;46;987802.965501;1;0.000000;0.000001;0.033023;o;0.000023;0.000900;0.004802;0.008869;0.013672;0.012061;0.006310;0.033009;
0;2147483647;100000;2128;47;1009155.849154;1;0.000000;0.000001;0.023922;o;0.000023;0.000883;0.004625;0.005799;0.010426;0.009285;0.003258;0.023906;
0;2147483647;100000;2084;48;1030462.402591;1;0.000000;0.000001;0.022444;o;0.000019;0.000864;0.004539;0.004325;0.008865;0.008765;0.003889;0.022431;
0;2147483647;100000;2041;49;1052172.291524;1;0.000000;0.000001;0.032275;o;0.000022;0.000903;0.004742;0.008865;0.013608;0.011663;0.006036;0.032260;
0;2147483647;100000;2000;50;1073741.823500;1;0.000000;0.000001;0.023276;o;0.000022;0.000882;0.004648;0.004854;0.009503;0.009336;0.003491;0.023261;
0;2147483647;100000;1961;51;1095096.199388;1;0.000000;0.000001;0.025722;o;0.000019;0.000860;0.004584;0.004407;0.008992;0.009113;0.006696;0.025708;
0;2147483647;100000;1924;52;1116155.741684;1;0.000000;0.000001;0.027260;o;0.000022;0.000889;0.004757;0.008645;0.013403;0.010058;0.002840;0.027245;
0;2147483647;100000;1887;53;1138041.148384;1;0.000000;0.000001;0.017990;o;0.000020;0.000874;0.004543;0.002426;0.006970;0.007860;0.002210;0.017969;
0;2147483647;100000;1852;54;1159548.405508;1;0.000000;0.000001;0.018280;o;0.000018;0.000830;0.004420;0.002482;0.006902;0.008112;0.002380;0.018267;
0;2147483647;100000;1819;55;1180584.742716;1;0.000000;0.000001;0.032712;o;0.000021;0.000890;0.004737;0.008921;0.013659;0.012918;0.005181;0.032697;
0;2147483647;100000;1786;56;1202398.458567;1;0.000000;0.000001;0.024602;o;0.000020;0.000872;0.004599;0.005864;0.010464;0.010076;0.003128;0.024588;
0;2147483647;100000;1755;57;1223637.405698;1;0.000000;0.000001;0.025431;o;0.000019;0.000863;0.004543;0.004065;0.008609;0.009767;0.006128;0.025416;
0;2147483647;100000;1725;58;1244918.056232;1;0.000000;0.000001;0.034096;o;0.000021;0.000899;0.004790;0.008784;0.013575;0.012391;0.007164;0.034081;
0;2147483647;100000;1695;59;1266952.004130;1;0.000000;0.000001;0.024223;o;0.000023;0.000889;0.004642;0.004329;0.008972;0.010447;0.003839;0.024207;
0;2147483647;100000;1667;60;1288232.541692;1;0.000000;0.000001;0.032294;o;0.000016;0.000862;0.004559;0.004344;0.008904;0.013568;0.008904;0.032280;
0;2147483647;100000;1640;61;1309441.248171;1;0.000000;0.000001;0.029481;o;0.000018;0.000879;0.004792;0.006197;0.010990;0.013046;0.004506;0.029467;
0;2147483647;100000;1613;62;1331359.979541;1;0.000000;0.000001;0.025160;o;0.000016;0.000863;0.004561;0.004429;0.008992;0.011180;0.004065;0.025147;
0;2147483647;100000;1588;63;1352319.676952;1;0.000000;0.000001;0.035932;o;0.000016;0.000888;0.004794;0.008871;0.013667;0.014591;0.006728;0.035919;
0;2147483647;100000;1563;64;1373949.870122;1;0.000000;0.000001;0.028668;o;0.000017;0.000886;0.004646;0.006635;0.011282;0.012126;0.004316;0.028655;
0;2147483647;100000;1539;65;1395375.988954;1;0.000000;0.000001;0.030822;o;0.000016;0.000859;0.004513;0.004322;0.008836;0.012198;0.008867;0.030807;
0;2147483647;100000;1516;66;1416545.941293;1;0.000000;0.000001;0.033693;o;0.000024;0.000893;0.004710;0.007157;0.011868;0.013741;0.007123;0.033678;
0;2147483647;100000;1493;67;1438368.149364;1;0.000000;0.000001;0.025693;o;0.000015;0.000864;0.004565;0.004314;0.008881;0.011699;0.004194;0.025680;
0;2147483647;100000;1471;68;1459880.113528;1;0.000000;0.000001;0.037101;o;0.000015;0.000864;0.004665;0.008787;0.013454;0.015499;0.007227;0.037088;
0;2147483647;100000;1450;69;1481023.204828;1;0.000000;0.000001;0.031357;o;0.000017;0.000877;0.004660;0.007118;0.011779;0.013223;0.005418;0.031343;
0;2147483647;100000;1429;70;1502787.716585;1;0.000000;0.000001;0.033700;o;0.000016;0.000868;0.004642;0.005310;0.009953;0.014311;0.008510;0.033686;
0;2147483647;100000;1409;71;1524118.982967;1;0.000000;0.000001;0.031850;o;0.000016;0.000893;0.004627;0.007092;0.011720;0.013979;0.005192;0.031834;
0;2147483647;100000;1389;72;1546064.540677;1;0.000000;0.000007;0.027804;o;0.000015;0.000875;0.004636;0.004538;0.009176;0.012959;0.004731;0.027784;
0;2147483647;100000;1370;73;1567506.311679;1;0.000000;0.000001;0.037656;o;0.000014;0.000879;0.004761;0.008908;0.013670;0.016039;0.007013;0.037643;
0;2147483647;100000;1352;74;1588375.478550;1;0.000000;0.000001;0.029881;o;0.000016;0.000888;0.004679;0.006049;0.010729;0.013434;0.004771;0.029867;
0;2147483647;100000;1334;75;1609807.831334;1;0.000000;0.000001;0.034124;o;0.000013;0.000863;0.004639;0.004577;0.009217;0.014840;0.009145;0.034109;
0;2147483647;100000;1316;76;1631826.479483;1;0.000000;0.000001;0.033026;o;0.000022;0.000888;0.004639;0.006534;0.011173;0.015237;0.005651;0.033012;
0;2147483647;100000;1299;77;1653182.176289;1;0.000000;0.000001;0.030531;o;0.000015;0.000877;0.004677;0.005335;0.010013;0.014114;0.005469;0.030518;
0;2147483647;100000;1283;78;1673798.633671;1;0.000000;0.000001;0.036552;o;0.000017;0.000890;0.004669;0.008497;0.013167;0.015828;0.006605;0.036538;
0;2147483647;100000;1266;79;1696274.602686;1;0.000000;0.000001;0.030427;o;0.000015;0.000889;0.004641;0.005103;0.009745;0.014363;0.005372;0.030414;
0;2147483647;100000;1250;80;1717986.917600;1;0.000000;0.000001;0.037264;o;0.000015;0.000877;0.004907;0.005708;0.010616;0.017013;0.008702;0.037250;
0;2147483647;100000;1235;81;1738853.155466;1;0.000000;0.000001;0.032627;o;0.000014;0.000878;0.004520;0.006590;0.011111;0.015414;0.005163;0.032611;
0;2147483647;100000;1220;82;1760232.497541;1;0.000000;0.000001;0.033663;o;0.000013;0.000867;0.004756;0.004555;0.009312;0.014831;0.008598;0.033650;
0;2147483647;100000;1205;83;1782144.105394;1;0.000000;0.000001;0.034917;o;0.000015;0.000893;0.004621;0.007356;0.011978;0.015540;0.006448;0.034902;
0;2147483647;100000;1191;84;1803092.902603;1;0.000000;0.000001;0.026072;o;0.000012;0.000858;0.004566;0.003500;0.008067;0.013396;0.003698;0.026059;
0;2147483647;100000;1177;85;1824540.056924;1;0.000000;0.000001;0.038996;o;0.000013;0.000861;0.004581;0.008895;0.013478;0.017700;0.006900;0.038983;
0;2147483647;100000;1163;86;1846503.565778;1;0.000000;0.000001;0.031266;o;0.000015;0.000879;0.004577;0.005783;0.010362;0.015133;0.004829;0.031251;
0;2147483647;100000;1150;87;1867377.084348;1;0.000000;0.000001;0.035810;o;0.000011;0.000867;0.004580;0.004308;0.008889;0.017050;0.008952;0.035796;
0;2147483647;100000;1137;88;1888727.921724;1;0.000000;0.000001;0.035251;o;0.000012;0.000884;0.004568;0.006095;0.010665;0.017168;0.006480;0.035238;
0;2147483647;100000;1124;89;1910572.639680;1;0.000000;0.000001;0.033791;o;0.000011;0.000865;0.004577;0.004208;0.008786;0.015346;0.008742;0.033778;
0;2147483647;100000;1112;90;1931190.330036;1;0.000000;0.000001;0.038976;o;0.000013;0.000914;0.004684;0.008663;0.013349;0.017336;0.007318;0.038961;
0;2147483647;100000;1099;91;1954034.255687;1;0.000000;0.000001;0.031516;o;0.000011;0.000836;0.004595;0.004400;0.008996;0.016103;0.005528;0.031502;
0;2147483647;100000;1087;92;1975605.931003;1;0.000000;0.000001;0.037093;o;0.000013;0.000893;0.004716;0.008371;0.013088;0.017616;0.005441;0.037079;
0;2147483647;100000;1076;93;1995802.645911;1;0.000000;0.000001;0.028761;o;0.000012;0.000884;0.004595;0.004038;0.008634;0.015085;0.004107;0.028747;
0;2147483647;100000;1064;94;2018311.698308;1;0.000000;0.000001;0.040273;o;0.000012;0.000887;0.004738;0.006104;0.010843;0.019541;0.008946;0.040259;
0;2147483647;100000;1053;95;2039395.676163;1;0.000000;0.000001;0.037253;o;0.000014;0.000898;0.004667;0.007121;0.011790;0.018083;0.006423;0.037239;
0;2147483647;100000;1042;96;2060924.805182;1;0.000000;0.000001;0.039338;o;0.000012;0.000854;0.004668;0.006417;0.011087;0.018393;0.008947;0.039323;
0;2147483647;100000;1031;97;2082913.333657;1;0.000000;0.000001;0.033210;o;0.000013;0.000897;0.004564;0.005664;0.010229;0.017623;0.004403;0.033194;
0;2147483647;100000;1021;98;2103314.051910;1;0.000000;0.000001;0.028554;o;0.000011;0.000833;0.004463;0.003734;0.008197;0.015503;0.003969;0.028541;
0;2147483647;100000;1011;99;2124118.345203;1;0.000000;0.000001;0.038066;o;0.000013;0.000891;0.004682;0.008465;0.013149;0.018266;0.005694;0.038051;
