min;max;size;buckets;mean_elements_in_bucket;threads;time_allocate_sync;time_deallocate;time_all;error;0;0;0;0;0;0;0;0;0;
0;2147483647;3333333;3333333;1;644.245159;1;0.000000;0.000208;0.919715;o;0.021182;0.022297;0.334130;0.203455;0.537586;0.181218;0.157192;0.919497;
0;2147483647;6666666;6666666;1;322.122579;2;0.000000;0.001323;1.606998;o;0.042008;0.022366;0.733393;0.340225;1.073619;0.230296;0.237089;1.605457;
0;2147483647;9999999;9999999;1;214.748386;3;0.000000;0.001567;1.818845;o;0.066352;0.023400;0.818541;0.376965;1.195507;0.305854;0.225950;1.817266;
0;2147483647;13333332;13333332;1;161.061290;4;0.000000;0.002359;2.101134;o;0.089197;0.024494;0.968676;0.495465;1.464142;0.241702;0.278982;2.098763;
0;2147483647;16666665;16666665;1;128.849032;5;0.000000;0.003610;2.229026;o;0.113511;0.024588;0.963443;0.575632;1.539076;0.296951;0.251077;2.225405;
0;2147483647;19999998;19999998;1;107.374193;6;0.000000;0.005124;2.455204;o;0.138644;0.024663;1.093013;0.651712;1.744726;0.292686;0.249025;2.450068;
0;2147483647;23333331;23333332;1;92.035019;7;0.000000;0.006746;2.583708;o;0.159689;0.025103;1.115692;0.723716;1.839409;0.270424;0.282075;2.576950;
0;2147483647;26666664;26666664;1;80.530645;8;0.000000;0.008707;2.699391;o;0.183778;0.024780;1.166415;0.797894;1.964310;0.244807;0.272706;2.690672;
0;2147483647;29999997;29999996;1;71.582798;9;0.000000;0.011647;2.845568;o;0.220482;0.024808;1.245726;0.831730;2.077457;0.261478;0.249361;2.833909;
0;2147483647;33333330;33333330;1;64.424516;10;0.000000;0.013964;2.946462;o;0.245328;0.024646;1.259083;0.910559;2.169644;0.252063;0.240523;2.932486;
0;2147483647;36666663;36666664;1;58.567740;11;0.000000;0.016382;3.114052;o;0.289485;0.024934;1.317689;0.985405;2.303095;0.248151;0.231677;3.097658;
0;2147483647;39999996;39999996;1;53.687097;12;0.000000;0.019790;3.251056;o;0.321308;0.024916;1.364695;1.026708;2.392901;0.255438;0.236275;3.231254;
0;2147483647;3333333;3333333;1;644.245159;1;0.000000;0.000358;0.911344;o;0.022222;0.021757;0.331414;0.200429;0.531844;0.179854;0.155272;0.910974;
0;2147483647;6666666;6666666;1;322.122579;2;0.000000;0.001324;1.598263;o;0.042382;0.022571;0.724833;0.339245;1.064079;0.228332;0.239480;1.596927;
0;2147483647;9999999;9999999;1;214.748386;3;0.000000;0.001433;1.822961;o;0.065600;0.023811;0.820559;0.401592;1.222152;0.291932;0.217820;1.821517;
0;2147483647;13333332;13333332;1;161.061290;4;0.000000;0.002880;2.095557;o;0.089810;0.024244;0.966230;0.505321;1.471553;0.241064;0.265717;2.092664;
0;2147483647;16666665;16666665;1;128.849032;5;0.000000;0.003607;2.269831;o;0.114848;0.024857;1.009849;0.596236;1.606085;0.282602;0.237617;2.266211;
0;2147483647;19999998;19999998;1;107.374193;6;0.000000;0.005493;2.459573;o;0.138116;0.024449;1.097694;0.639722;1.737417;0.312712;0.241028;2.454068;
0;2147483647;23333331;23333332;1;92.035019;7;0.000000;0.006956;2.583474;o;0.159674;0.024851;1.136605;0.711954;1.848560;0.275636;0.267545;2.576506;
0;2147483647;26666664;26666664;1;80.530645;8;0.000000;0.008849;2.723198;o;0.184442;0.024622;1.160880;0.761988;1.922870;0.263786;0.318314;2.714338;
0;2147483647;29999997;29999996;1;71.582798;9;0.000000;0.010747;2.864086;o;0.215389;0.024741;1.275977;0.848316;2.124294;0.249717;0.238824;2.853327;
0;2147483647;33333330;33333330;1;64.424516;10;0.000000;0.014862;2.913930;o;0.250982;0.024845;1.247264;0.904862;2.152127;0.245420;0.225347;2.899056;
0;2147483647;36666663;36666664;1;58.567740;11;0.000000;0.016566;3.126802;o;0.292833;0.025469;1.324299;0.971915;2.296215;0.254208;0.241158;3.110225;
0;2147483647;39999996;39999996;1;53.687097;12;0.000000;0.019400;3.303317;o;0.323205;0.025109;1.388245;1.035375;2.425124;0.256728;0.253334;3.283905;
0;2147483647;3333333;3333333;1;644.245159;1;0.000000;0.000344;0.911488;o;0.021875;0.021928;0.330093;0.200384;0.530477;0.181388;0.155436;0.911132;
0;2147483647;6666666;6666666;1;322.122579;2;0.000000;0.001314;1.610083;o;0.042115;0.022529;0.736072;0.339906;1.075979;0.229525;0.238498;1.608758;
0;2147483647;9999999;9999999;1;214.748386;3;0.000000;0.002100;1.835453;o;0.067032;0.023372;0.827277;0.438835;1.266113;0.251438;0.225178;1.833340;
0;2147483647;13333332;13333332;1;161.061290;4;0.000000;0.002871;2.059716;o;0.088227;0.024156;0.941394;0.496813;1.438209;0.242887;0.263109;2.056833;
0;2147483647;16666665;16666665;1;128.849032;5;0.000000;0.003682;2.283974;o;0.113750;0.024595;0.994705;0.594671;1.589377;0.292635;0.259671;2.280279;
0;2147483647;19999998;19999998;1;107.374193;6;0.000000;0.005177;2.500553;o;0.136666;0.024761;1.098151;0.634322;1.732485;0.323625;0.277491;2.495364;
0;2147483647;23333331;23333332;1;92.035019;7;0.000000;0.006718;2.563443;o;0.159772;0.024722;1.117196;0.710638;1.827836;0.248796;0.295308;2.556713;
0;2147483647;26666664;26666664;1;80.530645;8;0.000000;0.009155;2.730085;o;0.183897;0.024580;1.208617;0.777736;1.986354;0.250571;0.275192;2.720918;
0;2147483647;29999997;29999996;1;71.582798;9;0.000000;0.010761;2.853857;o;0.219953;0.025249;1.243511;0.864595;2.108107;0.250703;0.238786;2.843084;
0;2147483647;33333330;33333330;1;64.424516;10;0.000000;0.013660;2.933110;o;0.246492;0.024874;1.242717;0.917846;2.160590;0.248628;0.238567;2.919438;
0;2147483647;36666663;36666664;1;58.567740;11;0.000000;0.016617;3.086793;o;0.294434;0.025472;1.313299;0.949114;2.263915;0.246273;0.239731;3.070164;
0;2147483647;39999996;39999996;1;53.687097;12;0.000000;0.019815;3.283355;o;0.319881;0.024838;1.400473;1.024390;2.424887;0.250366;0.243181;3.263529;
0;2147483647;3333333;3333333;1;644.245159;1;0.000000;0.000211;0.911339;o;0.021588;0.021714;0.329995;0.201631;0.531627;0.180233;0.155925;0.911116;
0;2147483647;6666666;6666666;1;322.122579;2;0.000000;0.001313;1.606160;o;0.041186;0.022616;0.734300;0.339806;1.074108;0.228823;0.238025;1.604835;
0;2147483647;9999999;9999999;1;214.748386;3;0.000000;0.001506;1.851192;o;0.067255;0.023496;0.825944;0.458158;1.284114;0.248222;0.226364;1.849675;
0;2147483647;13333332;13333332;1;161.061290;4;0.000000;0.002407;2.066039;o;0.088861;0.023798;0.957382;0.492449;1.449832;0.240210;0.260709;2.063618;
0;2147483647;16666665;16666665;1;128.849032;5;0.000000;0.004187;2.209905;o;0.113815;0.024903;0.975073;0.567209;1.542283;0.279799;0.244661;2.205706;
0;2147483647;19999998;19999998;1;107.374193;6;0.000000;0.005192;2.473184;o;0.135881;0.024954;1.091459;0.628792;1.720253;0.320191;0.266426;2.467979;
0;2147483647;23333331;23333332;1;92.035019;7;0.000000;0.006786;2.605732;o;0.158795;0.024991;1.158746;0.705019;1.863767;0.314068;0.236988;2.598933;
0;2147483647;26666664;26666664;1;80.530645;8;0.000000;0.008821;2.694195;o;0.183825;0.024641;1.175206;0.761862;1.937069;0.250543;0.288965;2.685363;
0;2147483647;29999997;29999996;1;71.582798;9;0.000000;0.011275;2.856661;o;0.218523;0.025019;1.265147;0.864373;2.129521;0.246172;0.225864;2.845374;
0;2147483647;33333330;33333330;1;64.424516;10;0.000000;0.014095;2.946824;o;0.246086;0.024800;1.268576;0.889197;2.157774;0.257780;0.245973;2.932717;
0;2147483647;36666663;36666664;1;58.567740;11;0.000000;0.016366;3.117411;o;0.290657;0.025145;1.325825;0.961417;2.287275;0.256455;0.241238;3.101033;
0;2147483647;39999996;39999996;1;53.687097;12;0.000000;0.019495;3.556329;o;0.320088;0.024905;1.682994;1.001179;2.685695;0.267347;0.238449;3.536822;
0;2147483647;3333333;3333333;1;644.245159;1;0.000000;0.000224;0.908597;o;0.021093;0.021759;0.331961;0.198374;0.530336;0.179850;0.155299;0.908362;
0;2147483647;6666666;6666666;1;322.122579;2;0.000000;0.001314;1.608874;o;0.042049;0.022302;0.720270;0.356646;1.076917;0.228263;0.237938;1.607548;
0;2147483647;9999999;9999999;1;214.748386;3;0.000000;0.001849;1.859797;o;0.065218;0.023740;0.827801;0.428945;1.256746;0.266863;0.245150;1.857936;
0;2147483647;13333332;13333332;1;161.061290;4;0.000000;0.002888;2.067665;o;0.089655;0.024273;0.960280;0.489736;1.450017;0.240499;0.260033;2.064766;
0;2147483647;16666665;16666665;1;128.849032;5;0.000000;0.004153;2.233062;o;0.114006;0.024735;0.975054;0.590954;1.566009;0.282822;0.241067;2.228897;
0;2147483647;19999998;19999998;1;107.374193;6;0.000000;0.005657;2.455798;o;0.135590;0.024738;1.079461;0.624062;1.703524;0.332105;0.253872;2.450130;
0;2147483647;23333331;23333332;1;92.035019;7;0.000000;0.006682;2.622923;o;0.158697;0.024894;1.139382;0.711811;1.851194;0.321137;0.260055;2.616230;
0;2147483647;26666664;26666664;1;80.530645;8;0.000000;0.009145;2.692362;o;0.183909;0.024660;1.173296;0.766672;1.939970;0.247334;0.287024;2.683205;
0;2147483647;29999997;29999996;1;71.582798;9;0.000000;0.011033;2.820861;o;0.220108;0.024894;1.232920;0.852414;2.085335;0.243506;0.235650;2.809814;
0;2147483647;33333330;33333330;1;64.424516;10;0.000000;0.014330;2.941671;o;0.243976;0.024644;1.258074;0.878622;2.136697;0.265090;0.256655;2.927328;
0;2147483647;36666663;36666664;1;58.567740;11;0.000000;0.016351;3.132224;o;0.291691;0.025148;1.331827;0.948125;2.279953;0.263846;0.254903;3.115861;
0;2147483647;39999996;39999996;1;53.687097;12;0.000000;0.019448;3.247320;o;0.322011;0.025240;1.333825;1.008986;2.342812;0.281048;0.256410;3.227861;
