0;32766;40000000;40000000;1;0.000819;1;0.000000;0.001628;29.807363;o;0.314806;0.321841;3.646988;8.589997;12.236986;8.412317;8.519729;29.805717;
0;32766;40000000;20000000;2;0.001638;1;0.000000;0.000912;29.983195;o;0.156901;0.332610;3.728183;9.151014;12.879198;8.588721;8.024804;29.982269;
0;32766;40000000;13333333;3;0.002457;1;0.000000;0.000949;26.812260;o;0.086993;0.327014;3.847585;8.273292;12.120878;7.230133;7.046236;26.811298;
0;32766;40000000;10000000;4;0.003277;1;0.000000;0.000441;18.435007;o;0.070628;0.309712;3.352810;5.963438;9.316249;4.384128;4.353801;18.434552;
0;32766;40000000;8000000;5;0.004096;1;0.000000;0.000532;23.764101;o;0.053570;0.300516;2.231574;7.240254;9.471829;7.013551;6.924043;23.763555;
0;32766;40000000;6666667;6;0.004915;1;0.000000;0.000528;25.594226;o;0.047156;0.309346;3.369389;7.866482;11.235872;7.099724;6.901543;25.593682;
0;32766;40000000;5714286;7;0.005734;1;0.000000;0.000482;24.881403;o;0.040009;0.307808;3.042898;7.405585;10.448484;6.953009;7.131558;24.880906;
0;32766;40000000;5000000;8;0.006553;1;0.000000;0.000240;25.571178;o;0.035445;0.314082;3.585581;7.770521;11.356103;6.922723;6.942532;25.570919;
0;32766;40000000;4444445;9;0.007372;1;0.000000;0.000504;27.524033;o;0.039621;0.324946;3.437552;8.206307;11.643861;7.866396;7.648642;27.523510;
0;32766;40000000;4000000;10;0.008192;1;0.000000;0.000682;27.760240;o;0.030709;0.306659;3.941284;8.244214;12.185500;7.661446;7.575172;27.759533;
0;32766;40000000;3636364;11;0.009011;1;0.000000;0.000319;27.215679;o;0.026764;0.313503;3.644804;8.331495;11.976300;7.728273;7.170468;27.215346;
0;32766;40000000;3333334;12;0.009830;1;0.000000;0.000224;24.244850;o;0.024174;0.305948;2.965545;7.208817;10.174363;7.090537;6.649561;24.244614;
0;32766;40000000;3076923;13;0.010649;1;0.000000;0.000229;24.236243;o;0.020072;0.304379;2.995549;7.377930;10.373479;6.754411;6.783624;24.236001;
0;32766;40000000;2857143;14;0.011468;1;0.000000;0.000273;23.959016;o;0.020248;0.310689;3.031400;6.999702;10.031102;7.013629;6.583030;23.958731;
0;32766;40000000;2666667;15;0.012287;1;0.000000;0.000341;24.107541;o;0.018552;0.307608;3.182980;7.174979;10.357961;6.877979;6.545045;24.107181;
0;32766;40000000;2500000;16;0.013106;1;0.000000;0.000384;25.533679;o;0.019830;0.308720;3.275458;7.536216;10.811675;7.441107;6.951895;25.533272;
0;32766;40000000;2352942;17;0.013926;1;0.000000;0.000309;25.890297;o;0.015665;0.308522;3.553123;7.667825;11.220949;7.284601;7.060203;25.889975;
0;32766;40000000;2222223;18;0.014745;1;0.000000;0.000302;23.789730;o;0.015576;0.306406;3.032891;7.133607;10.166499;6.853904;6.446994;23.789414;
0;32766;40000000;2105264;19;0.015564;1;0.000000;0.000273;23.870644;o;0.013711;0.305110;3.103841;7.129004;10.232846;6.742061;6.576596;23.870358;
0;32766;40000000;2000000;20;0.016383;1;0.000000;0.000310;23.946173;o;0.014916;0.307151;3.027728;7.139275;10.167004;6.844040;6.612697;23.945847;
0;32766;40000000;1904762;21;0.017202;1;0.000000;0.000218;23.809979;o;0.012633;0.306035;3.096138;7.036258;10.132397;6.852797;6.505845;23.809746;
0;32766;40000000;1818182;22;0.018021;1;0.000000;0.000430;24.411550;o;0.014284;0.306816;3.060623;7.273297;10.333921;6.920231;6.835802;24.411101;
0;32766;40000000;1739131;23;0.018840;1;0.000000;0.000356;24.329630;o;0.011926;0.306760;3.315500;7.294199;10.609700;6.937925;6.462915;24.329262;
0;32766;40000000;1666667;24;0.019660;1;0.000000;0.000228;23.630218;o;0.013056;0.307178;2.949200;7.062870;10.012071;6.850445;6.447191;23.629975;
0;32766;40000000;1600000;25;0.020479;1;0.000000;0.000326;23.556139;o;0.011927;0.307630;3.032213;7.096824;10.129037;6.666562;6.440600;23.555793;
0;32766;40000000;1538462;26;0.021298;1;0.000000;0.000266;23.855312;o;0.012584;0.311707;3.029086;7.128877;10.157964;6.824545;6.548189;23.855029;
0;32766;40000000;1481482;27;0.022117;1;0.000000;0.000234;23.879473;o;0.010772;0.304030;3.093990;7.185812;10.279803;6.678551;6.605997;23.879197;
0;32766;40000000;1428572;28;0.022936;1;0.000000;0.000375;24.022685;o;0.011151;0.306047;3.047136;7.337704;10.384841;6.610966;6.709248;24.022293;
0;32766;40000000;1379311;29;0.023755;1;0.000000;0.000193;23.767662;o;0.011180;0.306118;2.999939;7.155333;10.155273;6.740901;6.553945;23.767455;
0;32766;40000000;1333334;30;0.024574;1;0.000000;0.000289;24.063882;o;0.009710;0.311481;3.100270;7.245236;10.345507;6.764582;6.632265;24.063579;
0;32766;40000000;1290323;31;0.025394;1;0.000000;0.000416;23.691003;o;0.009655;0.302467;3.034924;7.286167;10.321093;6.495244;6.562077;23.690575;
0;32766;40000000;1250000;32;0.026213;1;0.000000;0.000330;23.530750;o;0.009608;0.308108;3.021895;6.959762;9.981659;6.804994;6.426003;23.530406;
0;32766;40000000;1212122;33;0.027032;1;0.000000;0.000147;23.782767;o;0.008519;0.307673;2.969695;7.203068;10.172764;6.751158;6.542452;23.782604;
0;32766;40000000;1176471;34;0.027851;1;0.000000;0.000320;24.251607;o;0.008576;0.308023;3.388943;7.279680;10.668625;6.595013;6.670999;24.251274;
0;32766;40000000;1142858;35;0.028670;1;0.000000;0.000203;23.398556;o;0.007919;0.306169;2.917880;6.982683;9.900564;6.740415;6.443232;23.398335;
0;32766;40000000;1111112;36;0.029489;1;0.000000;0.000405;23.089053;o;0.008508;0.303177;3.065959;6.363029;9.428989;6.802519;6.545401;23.088633;
0;32766;40000000;1081082;37;0.030309;1;0.000000;0.000147;24.231366;o;0.007535;0.304483;3.051438;7.171699;10.223138;6.843058;6.852959;24.231205;
0;32766;40000000;1052632;38;0.031128;1;0.000000;0.000273;24.689253;o;0.007818;0.308214;3.123614;7.465617;10.589232;6.897598;6.886062;24.688963;
0;32766;40000000;1025641;39;0.031947;1;0.000000;0.000238;24.957241;o;0.007302;0.309125;3.071461;7.612801;10.684263;6.954971;7.001293;24.956989;
0;32766;40000000;1000000;40;0.032766;1;0.000000;0.000215;25.451774;o;0.007888;0.313585;3.044673;7.756480;10.801153;7.163984;7.164900;25.451547;
0;32766;40000000;975610;41;0.033585;1;0.000000;0.000172;25.917931;o;0.011620;0.312168;3.111821;7.789261;10.901083;7.348636;7.344200;25.917744;
0;32766;40000000;952381;42;0.034404;1;0.000000;0.000264;23.588141;o;0.008149;0.316183;3.317820;8.394795;11.712616;7.289088;4.261796;23.587865;
0;32766;40000000;930233;43;0.035223;1;0.000000;0.000267;20.154607;o;0.006319;0.297060;1.924579;5.043366;6.967946;6.348690;6.534274;20.154327;
0;32766;40000000;909091;44;0.036043;1;0.000000;0.000265;23.973226;o;0.007515;0.306289;3.074158;7.052857;10.127016;6.742695;6.789387;23.972945;
0;32766;40000000;888889;45;0.036862;1;0.000000;0.000354;23.548149;o;0.006796;0.306790;3.061744;7.140868;10.202613;6.617344;6.414196;23.547776;
0;32766;40000000;869566;46;0.037681;1;0.000000;0.000204;23.082570;o;0.006003;0.305797;3.009521;6.799121;9.808643;6.564481;6.397396;23.082353;
0;32766;40000000;851064;47;0.038500;1;0.000000;0.000324;23.226822;o;0.006512;0.306329;3.082319;6.793882;9.876202;6.661041;6.376363;23.226484;
0;32766;40000000;833334;48;0.039319;1;0.000000;0.000298;23.253106;o;0.006522;0.307302;3.054193;6.903686;9.957880;6.697002;6.284055;23.252794;
0;32766;40000000;816327;49;0.040138;1;0.000000;0.000172;23.192934;o;0.005979;0.306383;2.916773;7.128668;10.045443;6.477826;6.357065;23.192743;
0;32766;40000000;800000;50;0.040958;1;0.000000;0.000297;23.318071;o;0.006565;0.309188;3.040602;6.939723;9.980325;6.564266;6.457381;23.317761;
0;32766;40000000;784314;51;0.041777;1;0.000000;0.000229;23.685158;o;0.006406;0.306972;3.002514;7.013905;10.016420;6.852715;6.502366;23.684914;
0;32766;40000000;769231;52;0.042596;1;0.000000;0.000229;23.992458;o;0.005909;0.308851;3.046929;7.286885;10.333815;6.736668;6.606934;23.992216;
0;32766;40000000;754717;53;0.043415;1;0.000000;0.000358;23.661806;o;0.005654;0.311297;3.070256;6.986563;10.056820;6.760571;6.527055;23.661433;
0;32766;40000000;740741;54;0.044234;1;0.000000;0.000180;23.716644;o;0.005367;0.307601;3.067486;7.126163;10.193650;6.692116;6.517684;23.716450;
0;32766;40000000;727273;55;0.045053;1;0.000000;0.000190;23.693146;o;0.005446;0.307970;3.047936;7.075548;10.123485;6.703996;6.552009;23.692942;
0;32766;40000000;714286;56;0.045872;1;0.000000;0.000291;23.800760;o;0.005204;0.301918;3.037963;7.210236;10.248200;6.643927;6.601174;23.800455;
0;32766;40000000;701755;57;0.046692;1;0.000000;0.000275;23.797598;o;0.006512;0.310942;3.074189;7.031477;10.105668;6.851438;6.522701;23.797302;
0;32766;40000000;689656;58;0.047511;1;0.000000;0.000305;23.789949;o;0.006347;0.305740;3.035401;7.307588;10.342991;6.529272;6.605244;23.789631;
0;32766;40000000;677967;59;0.048330;1;0.000000;0.000232;24.656325;o;0.005258;0.315028;3.367347;7.326358;10.693706;7.159625;6.482424;24.656077;
0;32766;40000000;666667;60;0.049149;1;0.000000;0.000365;24.592786;o;0.005833;0.315325;3.563017;7.202312;10.765330;6.736041;6.769827;24.592399;
0;32766;40000000;655738;61;0.049968;1;0.000000;0.000223;23.786161;o;0.005385;0.302422;3.047354;7.160000;10.207354;6.723406;6.547319;23.785924;
0;32766;40000000;645162;62;0.050787;1;0.000000;0.000225;24.084210;o;0.004619;0.315815;3.401813;7.046309;10.448122;6.781693;6.533681;24.083968;
0;32766;40000000;634921;63;0.051606;1;0.000000;0.000242;23.876770;o;0.005561;0.302625;3.067229;7.254896;10.322126;6.574631;6.671530;23.876511;
0;32766;40000000;625000;64;0.052426;1;0.000000;0.000201;23.815688;o;0.004886;0.307925;2.999300;7.031997;10.031298;6.915241;6.556093;23.815475;
0;32766;40000000;615385;65;0.053245;1;0.000000;0.000340;24.113752;o;0.004981;0.307450;3.106400;7.417586;10.523987;6.713100;6.563849;24.113400;
0;32766;40000000;606061;66;0.054064;1;0.000000;0.000172;23.663681;o;0.004480;0.308145;2.971795;7.306896;10.278692;6.530184;6.541959;23.663495;
0;32766;40000000;597015;67;0.054883;1;0.000000;0.000183;23.662076;o;0.004162;0.308243;3.075529;7.053131;10.128661;6.786294;6.434482;23.661878;
0;32766;40000000;588236;68;0.055702;1;0.000000;0.000180;23.767703;o;0.004419;0.308223;3.070610;7.133786;10.204396;6.631544;6.618895;23.767510;
0;32766;40000000;579711;69;0.056521;1;0.000000;0.000162;23.700464;o;0.004938;0.307538;2.914278;7.154150;10.068429;6.773933;6.545417;23.700289;
0;32766;40000000;571429;70;0.057340;1;0.000000;0.000377;23.723104;o;0.004611;0.310004;3.185233;6.989451;10.174685;6.729253;6.504123;23.722714;
0;32766;40000000;563381;71;0.058160;1;0.000000;0.000273;23.843910;o;0.004639;0.308145;2.989945;7.229785;10.219731;6.659629;6.651435;23.843619;
0;32766;40000000;555556;72;0.058979;1;0.000000;0.000268;23.634116;o;0.004199;0.303073;3.059985;7.078937;10.138923;6.663494;6.524113;23.633836;
0;32766;40000000;547946;73;0.059798;1;0.000000;0.000288;23.654006;o;0.004430;0.311166;3.153952;6.980571;10.134524;6.728879;6.474666;23.653703;
0;32766;40000000;540541;74;0.060617;1;0.000000;0.000445;23.525353;o;0.004487;0.305928;2.932141;7.101900;10.034043;6.610543;6.569859;23.524895;
0;32766;40000000;533334;75;0.061436;1;0.000000;0.000103;24.048847;o;0.004248;0.303806;3.282934;7.372496;10.655431;6.664880;6.420317;24.048720;
0;32766;40000000;526316;76;0.062255;1;0.000000;0.000245;22.600832;o;0.004816;0.307811;3.047660;6.235621;9.283282;6.609954;6.394665;22.600568;
0;32766;40000000;519481;77;0.063074;1;0.000000;0.000212;23.783724;o;0.003810;0.306634;3.023891;7.047503;10.071395;6.743235;6.658385;23.783497;
0;32766;40000000;512821;78;0.063894;1;0.000000;0.000272;23.985622;o;0.004506;0.309330;2.985827;7.246534;10.232363;6.742104;6.696988;23.985333;
0;32766;40000000;506330;79;0.064713;1;0.000000;0.000363;24.465197;o;0.004028;0.309391;3.048882;7.341923;10.390806;6.973677;6.786887;24.464822;
0;32766;40000000;500000;80;0.065532;1;0.000000;0.000209;26.599349;o;0.003835;0.315696;3.547710;8.114347;11.662058;7.466675;7.150821;26.599125;
0;32766;40000000;493828;81;0.066351;1;0.000000;0.000332;25.397146;o;0.003901;0.309237;3.186256;7.548555;10.734812;7.208611;7.140204;25.396800;
0;32766;40000000;487805;82;0.067170;1;0.000000;0.000329;22.720379;o;0.004030;0.315183;3.616219;8.734733;12.350953;5.787114;4.262724;22.720036;
0;32766;40000000;481928;83;0.067989;1;0.000000;0.000200;19.476116;o;0.003680;0.296287;1.966993;4.785871;6.752866;5.906412;6.516620;19.475902;
