min;max;size;buckets;mean_elements_in_bucket;threads;time_allocate_sync;time_deallocate;time_all;error;0;0;0;0;0;0;0;0;0;
0;32766;10000000;10000000;1;0.003277;1;0.000000;0.000396;3.736667;o;0.059681;0.063940;0.445699;1.024332;1.470032;1.074453;1.068125;3.736259;
0;32766;10000000;10000000;1;0.003277;2;0.000000;0.001031;2.777825;o;0.061981;0.033421;0.502884;0.690818;1.193703;0.756459;0.731107;2.776783;
0;32766;10000000;10000000;1;0.003277;3;0.000000;0.001590;2.125751;o;0.064886;0.023742;0.467530;0.513560;0.981091;0.545133;0.509130;2.124150;
0;32766;10000000;10000000;1;0.003277;4;0.000000;0.001991;1.699258;o;0.067421;0.018645;0.447694;0.370450;0.818145;0.375564;0.417282;1.697255;
0;32766;10000000;10000000;1;0.003277;5;0.000000;0.002369;1.443429;o;0.067101;0.015230;0.386004;0.308550;0.694554;0.304681;0.359259;1.441049;
0;32766;10000000;10000000;1;0.003277;6;0.000001;0.003022;1.214391;o;0.067885;0.012442;0.371867;0.266549;0.638418;0.239347;0.253068;1.211357;
0;32766;10000000;10000000;1;0.003277;7;0.000000;0.003740;1.109023;o;0.069413;0.011103;0.359169;0.240031;0.599201;0.205886;0.219222;1.105273;
0;32766;10000000;10000000;1;0.003277;8;0.000000;0.003840;1.022262;o;0.069773;0.009735;0.357706;0.218449;0.576156;0.181657;0.180870;1.018410;
0;32766;10000000;10000000;1;0.003277;9;0.000000;0.004603;0.929129;o;0.075118;0.008553;0.314600;0.202152;0.516753;0.162484;0.161295;0.924515;
0;32766;10000000;10000000;1;0.003277;10;0.000000;0.005017;0.902222;o;0.074609;0.008136;0.333140;0.187575;0.520716;0.146847;0.146176;0.897194;
0;32766;10000000;10000000;1;0.003277;11;0.000000;0.005738;0.848596;o;0.080692;0.007418;0.310185;0.176525;0.486712;0.134425;0.133251;0.842845;
0;32766;10000000;10000000;1;0.003277;12;0.000000;0.006110;0.811192;o;0.083297;0.006653;0.301365;0.167948;0.469314;0.123240;0.122273;0.805071;
0;32766;10000000;10000000;1;0.003277;1;0.000000;0.000521;3.739343;o;0.060420;0.064433;0.446672;1.022941;1.469614;1.075283;1.069033;3.738811;
0;32766;10000000;10000000;1;0.003277;2;0.000000;0.001011;2.746994;o;0.062911;0.033340;0.484126;0.686999;1.171126;0.750207;0.728261;2.745971;
0;32766;10000000;10000000;1;0.003277;3;0.000000;0.001405;2.099374;o;0.064663;0.023845;0.471420;0.517610;0.989032;0.535092;0.485187;2.097957;
0;32766;10000000;10000000;1;0.003277;4;0.000000;0.002058;1.688989;o;0.067324;0.018589;0.438048;0.369818;0.807867;0.373248;0.419763;1.686919;
0;32766;10000000;10000000;1;0.003277;5;0.000000;0.002569;1.452009;o;0.068883;0.015093;0.391092;0.307963;0.699056;0.304932;0.361249;1.449381;
0;32766;10000000;10000000;1;0.003277;6;0.000000;0.003116;1.228679;o;0.068487;0.012468;0.384062;0.267165;0.651227;0.239835;0.253323;1.225552;
0;32766;10000000;10000000;1;0.003277;7;0.000000;0.003791;1.092344;o;0.068815;0.010902;0.340232;0.240086;0.580319;0.207225;0.221003;1.088542;
0;32766;10000000;10000000;1;0.003277;8;0.000000;0.004028;1.006840;o;0.069593;0.009731;0.340016;0.222873;0.562891;0.180370;0.179965;1.002800;
0;32766;10000000;10000000;1;0.003277;9;0.000000;0.004578;0.933253;o;0.074353;0.008512;0.320835;0.200406;0.521242;0.162300;0.161971;0.928661;
0;32766;10000000;10000000;1;0.003277;10;0.000000;0.005025;0.885719;o;0.073972;0.008350;0.318378;0.187234;0.505612;0.146792;0.145682;0.880681;
0;32766;10000000;10000000;1;0.003277;11;0.000000;0.005762;0.859862;o;0.080598;0.007800;0.319921;0.176481;0.496403;0.134578;0.134354;0.854089;
0;32766;10000000;10000000;1;0.003277;12;0.000000;0.006136;0.810239;o;0.081979;0.006623;0.302135;0.167758;0.469894;0.123152;0.122059;0.804091;
0;32766;10000000;10000000;1;0.003277;1;0.000000;0.000493;3.735652;o;0.060007;0.064618;0.443385;1.023393;1.466779;1.073788;1.069914;3.735135;
0;32766;10000000;10000000;1;0.003277;2;0.000000;0.000999;2.762842;o;0.062984;0.033343;0.502961;0.684858;1.187820;0.759308;0.718273;2.761832;
0;32766;10000000;10000000;1;0.003277;3;0.000000;0.001783;2.057894;o;0.065245;0.023614;0.450009;0.468851;0.918861;0.558225;0.489996;2.056100;
0;32766;10000000;10000000;1;0.003277;4;0.000000;0.002672;1.661627;o;0.067716;0.018779;0.405897;0.371245;0.777143;0.374000;0.421132;1.658943;
0;32766;10000000;10000000;1;0.003277;5;0.000000;0.002998;1.459947;o;0.067104;0.015091;0.398614;0.308266;0.706881;0.306552;0.361100;1.456937;
0;32766;10000000;10000000;1;0.003277;6;0.000000;0.003094;1.237290;o;0.069424;0.012541;0.376160;0.267374;0.643536;0.239649;0.268829;1.234184;
0;32766;10000000;10000000;1;0.003277;7;0.000000;0.003685;1.100798;o;0.068944;0.011132;0.348013;0.240561;0.588575;0.206845;0.221327;1.097101;
0;32766;10000000;10000000;1;0.003277;8;0.000000;0.004040;1.016856;o;0.070141;0.009888;0.353961;0.216785;0.570746;0.181212;0.180538;1.012804;
0;32766;10000000;10000000;1;0.003277;9;0.000000;0.004632;0.935921;o;0.073200;0.008609;0.323460;0.201425;0.524886;0.162437;0.161921;0.931277;
0;32766;10000000;10000000;1;0.003277;10;0.000000;0.004940;0.873502;o;0.073565;0.008396;0.306499;0.187116;0.493617;0.146737;0.145920;0.868550;
0;32766;10000000;10000000;1;0.003277;11;0.000000;0.005584;0.863812;o;0.078842;0.007514;0.326266;0.176638;0.502906;0.134661;0.133998;0.858216;
0;32766;10000000;10000000;1;0.003277;12;0.000000;0.006040;0.816884;o;0.083456;0.007098;0.306584;0.167795;0.474381;0.123244;0.122348;0.810832;
0;32766;10000000;10000000;1;0.003277;1;0.000000;0.000383;3.735857;o;0.061190;0.064677;0.446797;1.023183;1.469981;1.072189;1.067398;3.735462;
0;32766;10000000;10000000;1;0.003277;2;0.000000;0.001005;2.758233;o;0.062805;0.033648;0.485016;0.690240;1.175257;0.754445;0.730981;2.757216;
0;32766;10000000;10000000;1;0.003277;3;0.000000;0.001562;2.111856;o;0.066804;0.023940;0.472923;0.506855;0.979778;0.546432;0.493131;2.110282;
0;32766;10000000;10000000;1;0.003277;4;0.000000;0.002147;1.649661;o;0.067451;0.018299;0.404697;0.369164;0.773862;0.371570;0.416171;1.647502;
0;32766;10000000;10000000;1;0.003277;5;0.000000;0.002557;1.459414;o;0.068218;0.015128;0.403234;0.308788;0.712024;0.302250;0.358976;1.456845;
0;32766;10000000;10000000;1;0.003277;6;0.000000;0.003053;1.204455;o;0.068700;0.012614;0.359934;0.266622;0.626557;0.239604;0.253720;1.201390;
0;32766;10000000;10000000;1;0.003277;7;0.000000;0.003733;1.100275;o;0.068674;0.010616;0.348894;0.240213;0.589108;0.206273;0.221582;1.096530;
0;32766;10000000;10000000;1;0.003277;8;0.000000;0.004002;0.991919;o;0.069787;0.009514;0.326713;0.218785;0.545500;0.181635;0.181191;0.987906;
0;32766;10000000;10000000;1;0.003277;9;0.000000;0.004630;0.933283;o;0.072901;0.008550;0.321719;0.201080;0.522800;0.162596;0.161505;0.928642;
0;32766;10000000;10000000;1;0.003277;10;0.000000;0.004995;0.871346;o;0.074547;0.008292;0.303665;0.187180;0.490846;0.146706;0.145686;0.866339;
0;32766;10000000;10000000;1;0.003277;11;0.000000;0.005816;0.843372;o;0.078789;0.007313;0.307155;0.175933;0.483089;0.134454;0.133561;0.837545;
0;32766;10000000;10000000;1;0.003277;12;0.000000;0.006185;0.811952;o;0.081769;0.006935;0.303381;0.167964;0.471347;0.123139;0.122215;0.805754;
0;32766;10000000;10000000;1;0.003277;1;0.000000;0.000402;3.734248;o;0.060979;0.064924;0.442315;1.022858;1.465174;1.074167;1.068562;3.733835;
0;32766;10000000;10000000;1;0.003277;2;0.000000;0.001002;2.758340;o;0.063526;0.033778;0.490207;0.687541;1.177749;0.752339;0.729854;2.757327;
0;32766;10000000;10000000;1;0.003277;3;0.000000;0.001547;2.076393;o;0.066342;0.024171;0.446239;0.467741;0.913981;0.573778;0.496365;2.074834;
0;32766;10000000;10000000;1;0.003277;4;0.000000;0.002640;1.680215;o;0.068019;0.018398;0.430558;0.369733;0.800292;0.373080;0.417624;1.677563;
0;32766;10000000;10000000;1;0.003277;5;0.000000;0.002571;1.457896;o;0.067856;0.014747;0.400941;0.308509;0.709452;0.302867;0.360138;1.455313;
0;32766;10000000;10000000;1;0.003277;6;0.000000;0.003120;1.219947;o;0.069749;0.012840;0.374741;0.266053;0.640795;0.239526;0.253746;1.216815;
0;32766;10000000;10000000;1;0.003277;7;0.000000;0.003706;1.105017;o;0.070948;0.010787;0.340475;0.240904;0.581380;0.206811;0.231110;1.101299;
0;32766;10000000;10000000;1;0.003277;8;0.000000;0.004046;0.985666;o;0.070147;0.010015;0.321495;0.217432;0.538928;0.181308;0.180976;0.981597;
0;32766;10000000;10000000;1;0.003277;9;0.000000;0.004465;0.947190;o;0.074514;0.009131;0.333305;0.201523;0.534830;0.162175;0.161789;0.942713;
0;32766;10000000;10000000;1;0.003277;10;0.000000;0.005213;0.899368;o;0.074924;0.007642;0.331768;0.186754;0.518523;0.147002;0.145813;0.894143;
0;32766;10000000;10000000;1;0.003277;11;0.000000;0.005599;0.852650;o;0.081322;0.007077;0.315188;0.176569;0.491758;0.133781;0.132760;0.847040;
0;32766;10000000;10000000;1;0.003277;12;0.000000;0.005979;0.805086;o;0.082098;0.006985;0.295596;0.168275;0.463872;0.123364;0.122448;0.799096;
