min;max;size;buckets;mean_elements_in_bucket;threads;time_allocate_sync;time_deallocate;time_all;error;0;0;0;0;0;0;0;0;
0;2147483647;40000000;40000000;1;53.687091;1;0.000000;0.001653;15.673064;o;0.264366;0.296028;4.912115;4.166546;9.078663;3.111744;2.920564;15.671397;
0;2147483647;40000000;20000000;2;107.374182;1;0.000000;0.000874;16.116023;o;0.134691;0.295909;4.856753;3.420230;8.276984;4.681272;2.726242;16.115135;
0;2147483647;40000000;13333333;3;161.061278;1;0.000000;0.000595;17.583450;o;0.089375;0.301507;4.832647;3.673903;8.506551;5.724923;2.960450;17.582842;
0;2147483647;40000000;10000000;4;214.748365;1;0.000000;0.000616;18.189823;o;0.067049;0.295246;4.808192;3.743294;8.551487;6.148564;3.126813;18.189195;
0;2147483647;40000000;8000000;5;268.435456;1;0.000000;0.000529;18.735747;o;0.053347;0.295132;4.801268;3.778457;8.579727;6.476591;3.330372;18.735205;
0;2147483647;40000000;6666667;6;322.122531;1;0.000000;0.000403;19.219702;o;0.045154;0.301419;4.775041;3.867983;8.643026;6.644375;3.585263;19.219284;
0;2147483647;40000000;5714286;7;375.809619;1;0.000000;0.000513;19.793605;o;0.038114;0.294606;4.767006;4.035556;8.802563;6.779378;3.878383;19.793078;
0;2147483647;40000000;5000000;8;429.496729;1;0.000000;0.000403;20.269479;o;0.034462;0.295036;4.752810;4.235981;8.988792;6.807030;4.143705;20.269064;
0;2147483647;40000000;4444445;9;483.183760;1;0.000000;0.000365;20.818649;o;0.029685;0.295893;4.726337;4.469129;9.195468;6.850794;4.446400;20.818272;
0;2147483647;40000000;4000000;10;536.870912;1;0.000000;0.000410;21.560239;o;0.026663;0.295752;4.772410;4.759672;9.532083;6.874237;4.831046;21.559817;
0;2147483647;40000000;3636364;11;590.557944;1;0.000000;0.000303;22.030672;o;0.024425;0.294930;4.695018;5.023417;9.718437;6.974519;5.018010;22.030354;
0;2147483647;40000000;3333334;12;644.244965;1;0.000000;0.000402;22.372165;o;0.023304;0.301812;4.687571;5.285771;9.973344;6.951368;5.121888;22.371750;
0;2147483647;40000000;3076923;13;697.932203;1;0.000000;0.000228;22.483230;o;0.021332;0.301708;4.657589;5.391711;10.049302;6.847353;5.263259;22.482987;
0;2147483647;40000000;2857143;14;751.619239;1;0.000000;0.000401;22.745427;o;0.020182;0.301555;4.662193;5.519890;10.182085;6.880162;5.360999;22.745013;
0;2147483647;40000000;2666667;15;805.306267;1;0.000000;0.000343;22.860814;o;0.018872;0.301679;4.638762;5.571885;10.210648;6.886472;5.442756;22.860458;
0;2147483647;40000000;2500000;16;858.993459;1;0.000000;0.000314;23.026789;o;0.017654;0.301683;4.624172;5.676908;10.301081;6.924373;5.481640;23.026462;
0;2147483647;40000000;2352942;17;912.680231;1;0.000000;0.000425;23.167674;o;0.016586;0.298792;4.616493;5.741482;10.357980;6.981092;5.512754;23.167236;
0;2147483647;40000000;2222223;18;966.367303;1;0.000000;0.000291;23.221317;o;0.015819;0.302296;4.606745;5.757687;10.364434;6.998859;5.539572;23.221011;
0;2147483647;40000000;2105264;19;1020.054324;1;0.000000;0.000298;23.536698;o;0.014822;0.302319;4.665455;5.851984;10.517440;7.131597;5.570172;23.536385;
0;2147483647;40000000;2000000;20;1073.741824;1;0.000000;0.000341;23.474183;o;0.014628;0.301601;4.586101;5.847074;10.433176;7.136371;5.588014;23.473826;
0;2147483647;40000000;1904762;21;1127.428858;1;0.000000;0.000231;23.753030;o;0.013785;0.301798;4.555559;5.988405;10.543966;7.211872;5.681335;23.752787;
0;2147483647;40000000;1818182;22;1181.115888;1;0.000000;0.000251;23.593334;o;0.012628;0.302213;4.539152;5.947508;10.486661;7.170420;5.621114;23.593069;
0;2147483647;40000000;1739131;23;1234.802696;1;0.000000;0.000304;23.706628;o;0.012169;0.301838;4.540504;5.967160;10.507665;7.205461;5.679137;23.706311;
0;2147483647;40000000;1666667;24;1288.489931;1;0.000000;0.000208;24.051195;o;0.011659;0.302490;4.574333;6.084708;10.659043;7.367997;5.709752;24.050974;
0;2147483647;40000000;1600000;25;1342.177279;1;0.000000;0.000315;24.065808;o;0.011603;0.301259;4.554574;6.063649;10.618224;7.415891;5.718463;24.065474;
0;2147483647;40000000;1538462;26;1395.863952;1;0.000000;0.000236;24.098708;o;0.011218;0.298521;4.525367;6.092208;10.617577;7.420089;5.751019;24.098458;
0;2147483647;40000000;1481482;27;1449.550954;1;0.000000;0.000327;24.173040;o;0.010901;0.301853;4.531943;6.116642;10.648586;7.442808;5.768512;24.172699;
0;2147483647;40000000;1428572;28;1503.237952;1;0.000000;0.000232;24.215824;o;0.009821;0.301505;4.484401;6.152671;10.637074;7.487450;5.779693;24.215579;
0;2147483647;40000000;1379311;29;1556.924905;1;0.000000;0.000330;24.297201;o;0.010080;0.301114;4.490495;6.152257;10.642754;7.559177;5.783697;24.296858;
0;2147483647;40000000;1333334;30;1610.611930;1;0.000001;0.000276;24.276198;o;0.009348;0.294272;4.428389;6.250035;10.678425;7.503344;5.790476;24.275907;
0;2147483647;40000000;1290323;31;1664.299286;1;0.000000;0.000236;24.318278;o;0.009184;0.302319;4.456821;6.164368;10.621191;7.579957;5.805344;24.318028;
0;2147483647;40000000;1250000;32;1717.986918;1;0.000000;0.000217;24.443696;o;0.009403;0.302187;4.456468;6.194813;10.651282;7.655865;5.824689;24.443465;
0;2147483647;40000000;1212122;33;1771.672857;1;0.000000;0.000141;24.439362;o;0.008682;0.300854;4.439718;6.192413;10.632132;7.688266;5.809238;24.439207;
0;2147483647;40000000;1176471;34;1825.360461;1;0.000000;0.000282;24.513509;o;0.009120;0.301401;4.425800;6.264257;10.690059;7.705943;5.806650;24.513214;
0;2147483647;40000000;1142858;35;1879.046782;1;0.000000;0.000209;24.555338;o;0.008342;0.301455;4.405839;6.276481;10.682321;7.758328;5.804633;24.555116;
0;2147483647;40000000;1111112;36;1932.733736;1;0.000000;0.000319;24.591392;o;0.008419;0.300751;4.400362;6.267736;10.668099;7.805922;5.807835;24.591060;
0;2147483647;40000000;1081082;37;1986.420685;1;0.000000;0.000276;24.645926;o;0.007804;0.294828;4.378043;6.318784;10.696828;7.856050;5.790093;24.645636;
0;2147483647;40000000;1052632;38;2040.108649;1;0.000000;0.000262;24.641463;o;0.007737;0.301495;4.390817;6.186474;10.577293;7.885472;5.869157;24.641188;
0;2147483647;40000000;1025641;39;2093.796608;1;0.000000;0.000239;24.658180;o;0.008023;0.302006;4.399314;6.276262;10.675577;7.898838;5.773451;24.657928;
0;2147483647;40000000;1000000;40;2147.483647;1;0.000000;0.000327;24.674103;o;0.007456;0.301538;4.369094;6.157712;10.526807;7.983525;5.854406;24.673764;
0;2147483647;40000000;975610;41;2201.170188;1;0.000000;0.000184;24.610493;o;0.006876;0.295411;4.291645;6.242034;10.533680;7.994568;5.779725;24.610298;
0;2147483647;40000000;952381;42;2254.857717;1;0.000000;0.000264;24.741514;o;0.006682;0.302123;4.323694;6.272719;10.596415;8.070368;5.765615;24.741238;
0;2147483647;40000000;930233;43;2308.543824;1;0.000000;0.000269;24.788502;o;0.007046;0.301830;4.312524;6.256999;10.569524;8.123693;5.786079;24.788221;
0;2147483647;40000000;909091;44;2362.231775;1;0.000000;0.000256;25.329411;o;0.006842;0.302023;4.390425;6.398954;10.789380;8.259274;5.971588;25.329143;
0;2147483647;40000000;888889;45;2415.918801;1;0.000000;0.000367;25.085577;o;0.006734;0.301457;4.325287;6.256862;10.582150;8.287628;5.907194;25.085197;
0;2147483647;40000000;869566;46;2469.603971;1;0.000000;0.000327;25.138679;o;0.006490;0.301492;4.277335;6.352640;10.629976;8.282395;5.917954;25.138339;
0;2147483647;40000000;851064;47;2523.292781;1;0.000000;0.000340;25.203792;o;0.006510;0.302322;4.305688;6.333292;10.638981;8.367180;5.888413;25.203439;
0;2147483647;40000000;833334;48;2576.978315;1;0.000000;0.000292;25.223426;o;0.006522;0.301410;4.288752;6.317572;10.606325;8.397276;5.911552;25.223119;
0;2147483647;40000000;816327;49;2630.665955;1;0.000000;0.000312;25.221071;o;0.006358;0.297594;4.276862;6.300606;10.577469;8.464984;5.874306;25.220745;
0;2147483647;40000000;800000;50;2684.354559;1;0.000000;0.000285;25.325374;o;0.006595;0.301050;4.282348;6.331940;10.614290;8.516564;5.886533;25.325072;
0;2147483647;40000000;784314;51;2738.040692;1;0.000000;0.000235;25.194497;o;0.006097;0.294905;4.251681;6.318864;10.570546;8.487885;5.834786;25.194249;
0;2147483647;40000000;769231;52;2791.727904;1;0.000000;0.000245;25.292748;o;0.005919;0.295139;4.207776;6.307630;10.515407;8.600800;5.875194;25.292491;
0;2147483647;40000000;754717;53;2845.415761;1;0.000000;0.000209;25.311145;o;0.005325;0.302004;4.193334;6.319764;10.513100;8.603897;5.886559;25.310923;
0;2147483647;40000000;740741;54;2899.101909;1;0.000000;0.000326;25.375636;o;0.005696;0.301863;4.224920;6.289399;10.514320;8.676777;5.876604;25.375297;
0;2147483647;40000000;727273;55;2952.788907;1;0.000000;0.000187;25.399211;o;0.005413;0.301133;4.183380;6.291429;10.474810;8.754637;5.862984;25.399012;
0;2147483647;40000000;714286;56;3006.475903;1;0.000000;0.000276;25.404220;o;0.005398;0.301544;4.159396;6.253544;10.412941;8.832774;5.851235;25.403929;
0;2147483647;40000000;701755;57;3060.161519;1;0.000000;0.000287;25.431775;o;0.005675;0.301079;4.155435;6.220699;10.376136;8.901376;5.847175;25.431474;
0;2147483647;40000000;689656;58;3113.847552;1;0.000000;0.000310;25.512264;o;0.005173;0.301287;4.171651;6.239597;10.411250;8.943487;5.850701;25.511941;
0;2147483647;40000000;677967;59;3167.534182;1;0.000000;0.000259;25.444503;o;0.005262;0.301183;4.141810;6.174101;10.315912;8.970941;5.850899;25.444230;
0;2147483647;40000000;666667;60;3221.223860;1;0.000000;0.000284;25.522963;o;0.005579;0.300896;4.136395;6.267526;10.403922;8.971738;5.840496;25.522666;
0;2147483647;40000000;655738;61;3274.911088;1;0.000000;0.000287;25.543238;o;0.005274;0.300626;4.114872;6.267233;10.382106;9.020432;5.834461;25.542938;
0;2147483647;40000000;645162;62;3328.595991;1;0.000000;0.000220;25.492292;o;0.004623;0.294683;4.103080;6.188893;10.291974;9.079091;5.821651;25.492057;
0;2147483647;40000000;634921;63;3382.284799;1;0.000000;0.000199;26.082568;o;0.004821;0.301486;4.060152;6.545912;10.606065;9.204777;5.965171;26.082354;
0;2147483647;40000000;625000;64;3435.973835;1;0.000000;0.000179;25.953901;o;0.004423;0.301436;4.126096;6.358877;10.484973;9.245362;5.917477;25.953708;
0;2147483647;40000000;615385;65;3489.658745;1;0.000000;0.000194;25.892249;o;0.004872;0.301073;4.088289;6.339088;10.427377;9.263801;5.894883;25.892041;
0;2147483647;40000000;606061;66;3543.345714;1;0.000000;0.000306;25.934799;o;0.004513;0.301863;4.061474;6.334238;10.395714;9.421140;5.811215;25.934479;
0;2147483647;40000000;597015;67;3597.034659;1;0.000000;0.000293;25.985083;o;0.004480;0.294888;4.079718;6.279017;10.358737;9.446776;5.879861;25.984777;
0;2147483647;40000000;588236;68;3650.717819;1;0.000000;0.000274;26.003048;o;0.004523;0.300922;4.046242;6.297203;10.343446;9.485654;5.868178;26.002761;
0;2147483647;40000000;579711;69;3704.403827;1;0.000000;0.000269;26.151552;o;0.004078;0.301178;4.103386;6.268488;10.371875;9.595955;5.878148;26.151271;
0;2147483647;40000000;571429;70;3758.093564;1;0.000000;0.000131;26.123120;o;0.004377;0.301342;4.033636;6.267557;10.301195;9.618154;5.897868;26.122973;
0;2147483647;40000000;563381;71;3811.778613;1;0.000000;0.000124;26.096844;o;0.004276;0.301879;4.010767;6.318277;10.329045;9.673432;5.788032;26.096705;
0;2147483647;40000000;555556;72;3865.467472;1;0.000000;0.000262;26.166314;o;0.004569;0.301617;4.022129;6.205963;10.228093;9.772952;5.858774;26.166039;
0;2147483647;40000000;547946;73;3919.151973;1;0.000000;0.000243;26.385547;o;0.004089;0.299272;4.025850;6.337355;10.363207;9.774245;5.944448;26.385292;
0;2147483647;40000000;540541;74;3972.841370;1;0.000000;0.000223;26.292460;o;0.004101;0.301853;3.982260;6.286349;10.268611;9.885871;5.831744;26.292222;
0;2147483647;40000000;533334;75;4026.526805;1;0.000000;0.000255;26.243122;o;0.004096;0.301922;3.956754;6.233771;10.190527;9.892189;5.854080;26.242854;
0;2147483647;40000000;526316;76;4080.217297;1;0.000000;0.000199;26.287695;o;0.003523;0.301093;3.958270;6.240142;10.198413;9.944078;5.840340;26.287483;
0;2147483647;40000000;519481;77;4133.902197;1;0.000000;0.000252;26.421603;o;0.004273;0.301487;4.049315;6.257018;10.306334;10.017120;5.792085;26.421337;
0;2147483647;40000000;512821;78;4187.589133;1;0.000000;0.000223;26.560211;o;0.004152;0.301602;3.931723;6.302782;10.234506;10.202324;5.817353;26.559975;
0;2147483647;40000000;506330;79;4241.272781;1;0.000000;0.000218;26.340797;o;0.004182;0.301541;3.893209;6.292415;10.185626;10.092139;5.757043;26.340566;
0;2147483647;40000000;500000;80;4294.967294;1;0.000000;0.000180;26.506453;o;0.003620;0.301125;3.913968;6.245286;10.159256;10.258915;5.783307;26.506259;
0;2147483647;40000000;493828;81;4348.646992;1;0.000000;0.000192;26.643015;o;0.003834;0.295604;3.885557;6.246666;10.132224;10.238926;5.972191;26.642810;
0;2147483647;40000000;487805;82;4402.340376;1;0.000000;0.000334;26.917677;o;0.004036;0.300440;4.009221;6.295337;10.304560;10.545086;5.763170;26.917329;
0;2147483647;40000000;481928;83;4456.025894;1;0.000000;0.000192;26.916939;o;0.004083;0.301909;3.888886;6.366802;10.255690;10.466372;5.888645;26.916732;
0;2147483647;40000000;476191;84;4509.710698;1;0.000000;0.000213;26.898454;o;0.003995;0.296584;3.906443;6.315780;10.222225;10.471487;5.903901;26.898229;
0;2147483647;40000000;470589;85;4563.395334;1;0.000000;0.000152;27.079958;o;0.003401;0.301148;3.842255;6.376749;10.219005;10.681669;5.874530;27.079791;
0;2147483647;40000000;465117;86;4617.082685;1;0.000000;0.000174;27.187570;o;0.003403;0.301887;3.814627;6.384620;10.199248;10.691578;5.991223;27.187384;
0;2147483647;40000000;459771;87;4670.767941;1;0.000000;0.000149;27.389019;o;0.003486;0.294860;4.052079;6.340751;10.392831;10.830435;5.867212;27.388858;
0;2147483647;40000000;454546;88;4724.458354;1;0.000000;0.000291;27.362426;o;0.003884;0.302060;3.847258;6.313818;10.161080;10.933396;5.961668;27.362123;
0;2147483647;40000000;449439;89;4778.142633;1;0.000000;0.000261;27.007446;o;0.003768;0.301616;3.806544;6.294116;10.100662;10.746068;5.855020;27.007171;
0;2147483647;40000000;444445;90;4831.832166;1;0.000000;0.000271;27.065154;o;0.003780;0.301748;3.850218;6.292563;10.142783;10.824396;5.792131;27.064871;
0;2147483647;40000000;439561;91;4885.519068;1;0.000000;0.000243;27.087944;o;0.003180;0.301135;3.807279;6.240863;10.048143;10.903840;5.831354;27.087686;
0;2147483647;40000000;434783;92;4939.207943;1;0.000000;0.000287;27.159395;o;0.003690;0.301867;3.781878;6.284059;10.065937;10.947561;5.840005;27.159095;
0;2147483647;40000000;430108;93;4992.893987;1;0.000000;0.000249;27.093991;o;0.003285;0.294562;3.801860;6.199058;10.000920;10.987099;5.807832;27.093730;
0;2147483647;40000000;425532;94;5046.585561;1;0.000000;0.000251;27.158440;o;0.003442;0.301638;3.719894;6.287585;10.007480;11.129466;5.716109;27.158174;
0;2147483647;40000000;421053;95;5100.269199;1;0.000000;0.000222;27.287013;o;0.003659;0.301759;3.714033;6.334829;10.048864;11.184685;5.747774;27.286777;
0;2147483647;40000000;416667;96;5153.956630;1;0.000000;0.000212;27.193462;o;0.003880;0.301772;3.772965;6.294424;10.067390;11.099566;5.720588;27.193230;
0;2147483647;40000000;412372;97;5207.636908;1;0.000000;0.000223;27.265490;o;0.003104;0.294791;3.687453;6.205889;9.893343;11.319992;5.753990;27.265255;
0;2147483647;40000000;408164;98;5261.325465;1;0.000000;0.000216;27.391646;o;0.003337;0.301878;3.649309;6.287802;9.937113;11.410583;5.738472;27.391418;
0;2147483647;40000000;404041;99;5315.014187;1;0.000000;0.000091;27.349743;o;0.003244;0.301549;3.607335;6.306186;9.913523;11.413585;5.717699;27.349637;
0;2147483647;40000000;40000000;1;53.687091;1;0.000000;0.001615;14.425959;o;0.264082;0.298968;4.847609;3.668840;8.516450;2.815154;2.529641;14.424330;
0;2147483647;40000000;20000000;2;107.374182;1;0.000000;0.000834;15.419101;o;0.135079;0.300628;4.820945;3.231207;8.052153;4.382221;2.548141;15.418254;
0;2147483647;40000000;13333333;3;161.061278;1;0.000000;0.000776;16.792450;o;0.088603;0.294555;4.800581;3.440820;8.241403;5.362207;2.804865;16.791662;
0;2147483647;40000000;10000000;4;214.748365;1;0.000000;0.000609;17.442141;o;0.067661;0.300990;4.771799;3.543369;8.315169;5.825677;2.931986;17.441520;
0;2147483647;40000000;8000000;5;268.435456;1;0.000000;0.000497;17.951593;o;0.054792;0.300797;4.770727;3.558720;8.329448;6.124327;3.141685;17.951083;
0;2147483647;40000000;6666667;6;322.122531;1;0.000000;0.000465;18.382074;o;0.045230;0.301011;4.718324;3.664652;8.382977;6.285131;3.367206;18.381594;
0;2147483647;40000000;5714286;7;375.809619;1;0.000000;0.000491;18.838855;o;0.039567;0.296079;4.694039;3.832747;8.526787;6.355912;3.619968;18.838351;
0;2147483647;40000000;5000000;8;429.496729;1;0.000000;0.000405;19.331392;o;0.033987;0.300519;4.689728;3.965456;8.655185;6.394257;3.946983;19.330973;
0;2147483647;40000000;4444445;9;483.183760;1;0.000000;0.000330;19.890207;o;0.029957;0.302469;4.645470;4.238520;8.883991;6.482199;4.191214;19.889863;
0;2147483647;40000000;4000000;10;536.870912;1;0.000000;0.000280;20.356969;o;0.027271;0.301224;4.626683;4.463284;9.089968;6.512614;4.425570;20.356677;
0;2147483647;40000000;3636364;11;590.557944;1;0.000000;0.000264;20.865792;o;0.024766;0.295396;4.584948;4.826961;9.411910;6.452283;4.681127;20.865515;
0;2147483647;40000000;3333334;12;644.244965;1;0.000000;0.000397;21.093132;o;0.023005;0.301438;4.597131;4.873290;9.470423;6.568662;4.729165;21.092722;
0;2147483647;40000000;3076923;13;697.932203;1;0.000000;0.000397;21.453133;o;0.021409;0.301004;4.588929;5.010735;9.599665;6.604626;4.925981;21.452717;
0;2147483647;40000000;2857143;14;751.619239;1;0.000000;0.000292;21.646305;o;0.020100;0.300916;4.566767;5.106268;9.673036;6.635500;5.016414;21.646000;
0;2147483647;40000000;2666667;15;805.306267;1;0.000000;0.000205;21.825927;o;0.018344;0.300675;4.545721;5.263306;9.809028;6.606943;5.090689;21.825710;
0;2147483647;40000000;2500000;16;858.993459;1;0.000000;0.000329;21.947978;o;0.017545;0.294947;4.545144;5.332931;9.878076;6.623785;5.133253;21.947637;
0;2147483647;40000000;2352942;17;912.680231;1;0.000000;0.000278;22.060954;o;0.015993;0.301383;4.531602;5.399943;9.931546;6.650839;5.160870;22.060664;
0;2147483647;40000000;2222223;18;966.367303;1;0.000000;0.000428;22.149905;o;0.015860;0.301279;4.507798;5.418297;9.926096;6.698054;5.208140;22.149463;
0;2147483647;40000000;2105264;19;1020.054324;1;0.000000;0.000322;22.221498;o;0.015504;0.301028;4.493436;5.456696;9.950134;6.712697;5.241769;22.221163;
0;2147483647;40000000;2000000;20;1073.741824;1;0.000000;0.000318;22.312879;o;0.014327;0.300652;4.470852;5.519848;9.990701;6.746897;5.259934;22.312542;
0;2147483647;40000000;1904762;21;1127.428858;1;0.000000;0.000369;22.481678;o;0.014208;0.300930;4.470157;5.575331;10.045489;6.766905;5.353732;22.481297;
0;2147483647;40000000;1818182;22;1181.115888;1;0.000000;0.000228;22.520695;o;0.012339;0.301400;4.433605;5.602136;10.035742;6.806172;5.364767;22.520454;
0;2147483647;40000000;1739131;23;1234.802696;1;0.000000;0.000339;22.553256;o;0.012524;0.295195;4.406623;5.614182;10.020806;6.819612;5.404727;22.552904;
0;2147483647;40000000;1666667;24;1288.489931;1;0.000000;0.000378;22.748083;o;0.011967;0.302106;4.434863;5.672978;10.107842;6.896895;5.428845;22.747691;
0;2147483647;40000000;1600000;25;1342.177279;1;0.000000;0.000285;22.809302;o;0.011238;0.294662;4.398918;5.826318;10.225238;6.937519;5.340311;22.809004;
0;2147483647;40000000;1538462;26;1395.863952;1;0.000000;0.000234;22.818460;o;0.010863;0.296977;4.396857;5.709827;10.106685;6.965866;5.437790;22.818213;
0;2147483647;40000000;1481482;27;1449.550954;1;0.000000;0.000337;22.877554;o;0.010937;0.300667;4.374970;5.746023;10.120994;6.986627;5.457946;22.877203;
0;2147483647;40000000;1428572;28;1503.237952;1;0.000000;0.000245;22.959709;o;0.009964;0.301394;4.353883;5.770215;10.124100;7.056209;5.467743;22.959449;
0;2147483647;40000000;1379311;29;1556.924905;1;0.000000;0.000330;23.133906;o;0.009707;0.300742;4.342769;5.879412;10.222182;7.088599;5.512287;23.133554;
0;2147483647;40000000;1333334;30;1610.611930;1;0.000000;0.000262;23.195224;o;0.009262;0.300522;4.413994;5.816120;10.230115;7.149176;5.505841;23.194948;
0;2147483647;40000000;1290323;31;1664.299286;1;0.000000;0.000389;23.268500;o;0.009339;0.300700;4.331877;5.937512;10.269391;7.255154;5.433465;23.268088;
0;2147483647;40000000;1250000;32;1717.986918;1;0.000000;0.000335;23.296862;o;0.009330;0.301708;4.306798;5.851084;10.157884;7.304499;5.523062;23.296514;
0;2147483647;40000000;1212122;33;1771.672857;1;0.000000;0.000292;23.304343;o;0.008884;0.300751;4.329167;5.836577;10.165746;7.281470;5.547147;23.304035;
0;2147483647;40000000;1176471;34;1825.360461;1;0.000000;0.000250;23.510380;o;0.008287;0.297090;4.287205;5.905461;10.192667;7.431089;5.580951;23.510118;
0;2147483647;40000000;1142858;35;1879.046782;1;0.000000;0.000204;23.608151;o;0.008059;0.302323;4.295483;5.979208;10.274692;7.460185;5.562635;23.607932;
0;2147483647;40000000;1111112;36;1932.733736;1;0.000000;0.000227;23.359275;o;0.008198;0.300367;4.239931;5.849746;10.089678;7.446953;5.513798;23.359036;
0;2147483647;40000000;1081082;37;1986.420685;1;0.000000;0.000154;23.639217;o;0.007744;0.300910;4.213530;5.861200;10.074731;7.625026;5.630605;23.639050;
0;2147483647;40000000;1052632;38;2040.108649;1;0.000000;0.000215;23.413898;o;0.007109;0.295638;4.246946;5.844887;10.091834;7.516975;5.502080;23.413669;
0;2147483647;40000000;1025641;39;2093.796608;1;0.000000;0.000195;23.533166;o;0.006984;0.301577;4.193555;5.842595;10.036151;7.622435;5.565779;23.532959;
0;2147483647;40000000;1000000;40;2147.483647;1;0.000000;0.000343;23.641434;o;0.007511;0.300541;4.230234;5.899329;10.129563;7.677487;5.525942;23.641079;
0;2147483647;40000000;975610;41;2201.170188;1;0.000000;0.000298;23.642644;o;0.007180;0.301163;4.197296;5.850553;10.047850;7.732967;5.553139;23.642334;
0;2147483647;40000000;952381;42;2254.857717;1;0.000000;0.000143;23.957550;o;0.007016;0.300189;4.310492;6.072245;10.382738;7.773095;5.494315;23.957393;
0;2147483647;40000000;930233;43;2308.543824;1;0.000000;0.000263;23.765011;o;0.006680;0.295607;4.157739;5.915164;10.072905;7.814506;5.575003;23.764734;
0;2147483647;40000000;909091;44;2362.231775;1;0.000000;0.000265;23.840136;o;0.007120;0.300221;4.185672;5.909950;10.095623;7.955048;5.481808;23.839858;
0;2147483647;40000000;888889;45;2415.918801;1;0.000000;0.000354;23.887910;o;0.006842;0.300777;4.149312;5.921714;10.071027;8.006162;5.502698;23.887541;
0;2147483647;40000000;869566;46;2469.603971;1;0.000000;0.000338;24.133120;o;0.006651;0.301185;4.259395;5.929355;10.188752;8.067487;5.568658;24.132769;
0;2147483647;40000000;851064;47;2523.292781;1;0.000000;0.000142;24.715122;o;0.006110;0.300842;4.200338;6.132630;10.332968;8.331887;5.743120;24.714963;
0;2147483647;40000000;833334;48;2576.978315;1;0.000000;0.000292;24.453322;o;0.006345;0.301225;4.234956;6.322389;10.557347;8.130262;5.457803;24.453016;
0;2147483647;40000000;816327;49;2630.665955;1;0.000000;0.000292;23.846847;o;0.006428;0.301628;4.103812;5.884832;9.988646;8.067284;5.482518;23.846541;
0;2147483647;40000000;800000;50;2684.354559;1;0.000000;0.000262;24.023841;o;0.006468;0.301003;4.071889;5.959013;10.030903;8.201732;5.483427;24.023566;
0;2147483647;40000000;784314;51;2738.040692;1;0.000000;0.000245;24.363300;o;0.005963;0.293650;4.049229;5.931305;9.980535;8.299133;5.783720;24.363039;
0;2147483647;40000000;40000000;1;53.687091;1;0.000000;0.001590;13.334527;o;0.264218;0.295382;4.760405;3.243486;8.003892;2.602911;2.166492;13.332924;
0;2147483647;40000000;20000000;2;107.374182;1;0.000000;0.000818;14.229948;o;0.132025;0.292263;4.728701;2.825554;7.554256;4.072363;2.178182;14.229118;
0;2147483647;40000000;13333333;3;161.061278;1;0.000000;0.000613;15.385380;o;0.088307;0.292465;4.693765;3.043738;7.737504;4.867822;2.398629;15.384756;
0;2147483647;40000000;10000000;4;214.748365;1;0.000000;0.000567;16.048776;o;0.066124;0.292444;4.654643;3.158777;7.813421;5.202446;2.673726;16.048195;
0;2147483647;40000000;8000000;5;268.435456;1;0.000000;0.000474;16.507978;o;0.053361;0.292555;4.632807;3.184568;7.817376;5.513330;2.830835;16.507491;
0;2147483647;40000000;6666667;6;322.122531;1;0.000000;0.000428;17.003893;o;0.044710;0.292479;4.595169;3.339116;7.934286;5.708323;3.023622;17.003453;
0;2147483647;40000000;5714286;7;375.809619;1;0.000000;0.000326;17.319753;o;0.037788;0.292633;4.568333;3.413405;7.981739;5.758413;3.248808;17.319414;
0;2147483647;40000000;5000000;8;429.496729;1;0.000000;0.000399;17.632186;o;0.033418;0.292820;4.545927;3.518555;8.064483;5.876902;3.364120;17.631775;
0;2147483647;40000000;4444445;9;483.183760;1;0.000000;0.000328;18.226483;o;0.029717;0.292817;4.505869;3.824325;8.330196;5.848954;3.724421;18.226143;
0;2147483647;40000000;4000000;10;536.870912;1;0.000000;0.000277;18.555599;o;0.027167;0.292323;4.468265;4.005615;8.473881;5.852314;3.909590;18.555309;
0;2147483647;40000000;3636364;11;590.557944;1;0.000000;0.000294;18.718751;o;0.025027;0.292151;4.463822;4.124405;8.588227;5.838012;3.974991;18.718444;
0;2147483647;40000000;3333334;12;644.244965;1;0.000000;0.000250;18.952211;o;0.022605;0.291982;4.428339;4.233967;8.662307;5.891336;4.083684;18.951948;
0;2147483647;40000000;3076923;13;697.932203;1;0.000000;0.000248;19.422094;o;0.020971;0.291978;4.411583;4.571851;8.983434;5.915347;4.210071;19.421834;
0;2147483647;40000000;2857143;14;751.619239;1;0.000000;0.000393;19.494864;o;0.019490;0.292542;4.388284;4.477489;8.865775;5.962405;4.354212;19.494458;
0;2147483647;40000000;2666667;15;805.306267;1;0.000000;0.000197;19.637574;o;0.018063;0.292671;4.347368;4.553783;8.901152;6.027568;4.397874;19.637364;
0;2147483647;40000000;2500000;16;858.993459;1;0.000000;0.000299;19.788770;o;0.017408;0.292157;4.335388;4.813185;9.148575;5.919522;4.410763;19.788459;
0;2147483647;40000000;2352942;17;912.680231;1;0.000000;0.000279;19.774451;o;0.016210;0.292466;4.286416;4.633741;8.920157;6.051463;4.493829;19.774159;
0;2147483647;40000000;2222223;18;966.367303;1;0.000000;0.000257;19.912322;o;0.015301;0.292870;4.288491;4.705477;8.993969;6.100084;4.509791;19.912053;
0;2147483647;40000000;2105264;19;1020.054324;1;0.000000;0.000283;20.141144;o;0.014729;0.292519;4.271161;4.847021;9.118183;6.161796;4.553586;20.140848;
0;2147483647;40000000;2000000;20;1073.741824;1;0.000000;0.000165;20.054602;o;0.013482;0.292834;4.247256;4.846285;9.093542;6.131263;4.523269;20.054423;
0;2147483647;40000000;1904762;21;1127.428858;1;0.000000;0.000330;20.277009;o;0.013345;0.292313;4.312683;4.980830;9.293514;6.166346;4.511117;20.276667;
0;2147483647;40000000;1818182;22;1181.115888;1;0.000000;0.000367;20.352286;o;0.012691;0.294124;4.211907;5.060172;9.272080;6.261365;4.511606;20.351906;
0;2147483647;40000000;1739131;23;1234.802696;1;0.000000;0.000276;20.403279;o;0.011819;0.292265;4.233133;5.070968;9.304103;6.282602;4.512167;20.402990;
0;2147483647;40000000;1666667;24;1288.489931;1;0.000000;0.000195;20.421023;o;0.011511;0.292649;4.341768;5.005329;9.347099;6.234739;4.534783;20.420816;
0;2147483647;40000000;1600000;25;1342.177279;1;0.000000;0.000281;20.394542;o;0.011366;0.292679;4.153868;5.022908;9.176777;6.308981;4.604412;20.394249;
0;2147483647;40000000;1538462;26;1395.863952;1;0.000000;0.000233;20.597804;o;0.011004;0.292230;4.120587;5.115504;9.236092;6.422004;4.636193;20.597559;
0;2147483647;40000000;1481482;27;1449.550954;1;0.000000;0.000276;20.501224;o;0.010400;0.292967;4.076832;5.123758;9.200591;6.374547;4.622397;20.500935;
0;2147483647;40000000;1428572;28;1503.237952;1;0.000000;0.000238;20.720128;o;0.010164;0.292745;4.079393;5.078290;9.157684;6.482761;4.776491;20.719877;
0;2147483647;40000000;1379311;29;1556.924905;1;0.000000;0.000166;20.635520;o;0.009324;0.293038;4.039307;5.170869;9.210177;6.461487;4.661282;20.635341;
0;2147483647;40000000;1333334;30;1610.611930;1;0.000000;0.000281;20.721929;o;0.009415;0.292533;4.015596;5.079412;9.095009;6.546087;4.778559;20.721635;
0;2147483647;40000000;1290323;31;1664.299286;1;0.000000;0.000228;20.836806;o;0.009117;0.292612;4.019114;5.179222;9.198341;6.623710;4.712752;20.836565;
0;2147483647;40000000;1250000;32;1717.986918;1;0.000000;0.000310;20.801875;o;0.008852;0.292492;3.987576;5.208257;9.195834;6.598847;4.705493;20.801552;
0;2147483647;40000000;1212122;33;1771.672857;1;0.000000;0.000283;20.853906;o;0.008619;0.292816;3.966488;5.106842;9.073332;6.720302;4.758512;20.853610;
0;2147483647;40000000;1176471;34;1825.360461;1;0.000000;0.000354;21.119590;o;0.008378;0.292459;4.141225;5.236281;9.377507;6.733681;4.707167;21.119224;
0;2147483647;40000000;1142858;35;1879.046782;1;0.000000;0.000192;20.870532;o;0.008025;0.292487;3.917622;5.138932;9.056555;6.787099;4.726125;20.870328;
0;2147483647;40000000;1111112;36;1932.733736;1;0.000000;0.000164;20.879733;o;0.007728;0.292476;3.863111;5.113545;8.976658;6.852476;4.750189;20.879556;
0;2147483647;40000000;1081082;37;1986.420685;1;0.000000;0.000287;20.857298;o;0.008062;0.292684;3.863517;5.090508;8.954026;6.834025;4.768170;20.856999;
0;2147483647;40000000;1052632;38;2040.108649;1;0.000000;0.000257;20.989196;o;0.007843;0.292558;3.880351;5.148468;9.028820;6.929290;4.730386;20.988927;
0;2147483647;40000000;1025641;39;2093.796608;1;0.000000;0.000229;20.919818;o;0.007496;0.292678;3.874633;5.158479;9.033113;6.890311;4.695947;20.919578;
0;2147483647;40000000;1000000;40;2147.483647;1;0.000000;0.000190;21.016724;o;0.007251;0.292523;3.805324;5.121724;8.927049;7.050214;4.739453;21.016521;
0;2147483647;40000000;975610;41;2201.170188;1;0.000000;0.000157;20.783815;o;0.007081;0.292500;3.856977;5.065139;8.922117;6.914463;4.647454;20.783645;
0;2147483647;40000000;952381;42;2254.857717;1;0.000000;0.000271;20.976459;o;0.006987;0.292889;3.760107;5.172342;8.932450;7.046912;4.696907;20.976176;
0;2147483647;40000000;930233;43;2308.543824;1;0.000000;0.000225;20.881484;o;0.006420;0.293080;3.710389;5.180306;8.890696;7.043580;4.647436;20.881247;
0;2147483647;40000000;909091;44;2362.231775;1;0.000000;0.000236;21.013947;o;0.006882;0.292317;3.775521;5.179713;8.955235;7.093221;4.666010;21.013699;
0;2147483647;40000000;888889;45;2415.918801;1;0.000000;0.000177;21.212191;o;0.006003;0.292306;3.818195;5.114633;8.932829;7.296507;4.684328;21.212002;
0;2147483647;40000000;869566;46;2469.603971;1;0.000000;0.000172;21.181495;o;0.006123;0.292855;3.703363;5.193630;8.896994;7.280707;4.704600;21.181310;
0;2147483647;40000000;851064;47;2523.292781;1;0.000000;0.000177;21.147216;o;0.006413;0.292509;3.761140;5.140684;8.901826;7.284352;4.661896;21.147026;
0;2147483647;40000000;833334;48;2576.978315;1;0.000000;0.000261;21.145994;o;0.006062;0.292990;3.628812;5.118867;8.747679;7.444187;4.654771;21.145721;
0;2147483647;40000000;816327;49;2630.665955;1;0.000000;0.000266;21.112448;o;0.006123;0.292862;3.642892;5.088855;8.731747;7.425037;4.656369;21.112169;
0;2147483647;40000000;800000;50;2684.354559;1;0.000000;0.000108;21.148114;o;0.005738;0.292338;3.576978;5.115014;8.691993;7.498167;4.659729;21.147995;
0;2147483647;40000000;784314;51;2738.040692;1;0.000000;0.000218;21.071918;o;0.005760;0.292938;3.561491;5.116874;8.678366;7.441299;4.653295;21.071688;
0;2147483647;40000000;769231;52;2791.727904;1;0.000000;0.000194;21.331874;o;0.005446;0.292773;3.579770;5.123237;8.703008;7.602722;4.727690;21.331668;
0;2147483647;40000000;754717;53;2845.415761;1;0.000000;0.000199;21.368092;o;0.005528;0.292778;3.561751;5.182005;8.743756;7.611659;4.714129;21.367881;
0;2147483647;40000000;740741;54;2899.101909;1;0.000000;0.000169;21.325951;o;0.005330;0.292733;3.553838;5.198619;8.752458;7.577694;4.697525;21.325770;
0;2147483647;40000000;727273;55;2952.788907;1;0.000000;0.000142;21.401970;o;0.005076;0.292991;3.483011;5.152961;8.635973;7.776752;4.690991;21.401816;
0;2147483647;40000000;714286;56;3006.475903;1;0.000000;0.000287;21.598165;o;0.005558;0.293683;3.579840;5.225276;8.805117;7.794228;4.699247;21.597865;
0;2147483647;40000000;701755;57;3060.161519;1;0.000000;0.000260;21.511543;o;0.005060;0.292696;3.510123;5.153211;8.663334;7.862361;4.687788;21.511270;
0;2147483647;40000000;689656;58;3113.847552;1;0.000000;0.000239;21.569977;o;0.005049;0.292137;3.479179;5.152535;8.631715;7.935521;4.705273;21.569726;
0;2147483647;40000000;677967;59;3167.534182;1;0.000000;0.000258;21.551956;o;0.005166;0.292906;3.500214;5.089865;8.590080;7.965755;4.697748;21.551686;
0;2147483647;40000000;666667;60;3221.223860;1;0.000000;0.000246;21.672934;o;0.005150;0.292546;3.495610;5.145128;8.640739;8.019316;4.714894;21.672675;
0;2147483647;40000000;655738;61;3274.911088;1;0.000000;0.000232;21.662788;o;0.005014;0.292761;3.402895;5.196703;8.599598;8.043338;4.721803;21.662543;
0;2147483647;40000000;645162;62;3328.595991;1;0.000000;0.000204;21.712904;o;0.004820;0.292495;3.396235;5.143072;8.539309;8.125088;4.750945;21.712687;
0;2147483647;40000000;634921;63;3382.284799;1;0.000000;0.000194;21.760848;o;0.004616;0.292910;3.384256;5.207590;8.591847;8.138863;4.732375;21.760642;
0;2147483647;40000000;625000;64;3435.973835;1;0.000000;0.000328;21.841755;o;0.004972;0.292380;3.422155;5.156770;8.578927;8.235015;4.730091;21.841415;
0;2147483647;40000000;615385;65;3489.658745;1;0.000000;0.000316;21.779561;o;0.004776;0.292210;3.383061;5.135377;8.518440;8.249977;4.713800;21.779232;
0;2147483647;40000000;606061;66;3543.345714;1;0.000000;0.000153;21.675307;o;0.004276;0.292787;3.365369;5.182086;8.547456;8.178910;4.651682;21.675141;
0;2147483647;40000000;597015;67;3597.034659;1;0.000000;0.000286;21.702151;o;0.004389;0.292552;3.269391;5.101296;8.370689;8.356978;4.677218;21.701853;
0;2147483647;40000000;588236;68;3650.717819;1;0.000000;0.000272;21.890571;o;0.004290;0.292361;3.301234;5.151302;8.452537;8.456225;4.684841;21.890286;
0;2147483647;40000000;579711;69;3704.403827;1;0.000000;0.000284;21.856461;o;0.004610;0.292952;3.310026;5.147929;8.457956;8.434974;4.665644;21.856165;
0;2147483647;40000000;571429;70;3758.093564;1;0.000000;0.000264;21.851308;o;0.004289;0.292640;3.205830;5.104751;8.310582;8.558685;4.684804;21.851032;
0;2147483647;40000000;563381;71;3811.778613;1;0.000000;0.000259;21.839386;o;0.004128;0.292564;3.163510;5.119042;8.282553;8.546944;4.712895;21.839115;
0;2147483647;40000000;555556;72;3865.467472;1;0.000000;0.000107;22.068605;o;0.004174;0.293296;3.237492;5.146537;8.384031;8.680614;4.706342;22.068485;
0;2147483647;40000000;547946;73;3919.151973;1;0.000000;0.000233;22.160531;o;0.004024;0.292548;3.277339;5.171016;8.448356;8.692237;4.723090;22.160285;
0;2147483647;40000000;540541;74;3972.841370;1;0.000000;0.000247;22.180150;o;0.004349;0.292756;3.234932;5.156954;8.391888;8.807004;4.683853;22.179881;
0;2147483647;40000000;533334;75;4026.526805;1;0.000000;0.000090;22.133273;o;0.003997;0.292382;3.205894;5.110352;8.316247;8.805137;4.715378;22.133171;
0;2147483647;40000000;526316;76;4080.217297;1;0.000000;0.000210;22.172727;o;0.003992;0.292548;3.163116;5.140878;8.303995;8.849294;4.722643;22.172504;
0;2147483647;40000000;519481;77;4133.902197;1;0.000000;0.000189;22.178132;o;0.003727;0.292172;3.083531;5.110022;8.193554;8.978553;4.709895;22.177931;
0;2147483647;40000000;512821;78;4187.589133;1;0.000000;0.000189;22.340177;o;0.003559;0.292185;3.169358;5.149105;8.318464;9.015721;4.710014;22.339975;
0;2147483647;40000000;506330;79;4241.272781;1;0.000000;0.000205;22.379288;o;0.004023;0.292519;3.203698;5.130143;8.333842;9.052727;4.695930;22.379071;
0;2147483647;40000000;500000;80;4294.967294;1;0.000000;0.000174;22.142291;o;0.003511;0.293140;3.036336;5.032716;8.069053;9.057845;4.718525;22.142104;
0;2147483647;40000000;493828;81;4348.646992;1;0.000000;0.000162;22.307795;o;0.003638;0.293768;3.031065;5.148375;8.179441;9.119691;4.711052;22.307620;
0;2147483647;40000000;487805;82;4402.340376;1;0.000000;0.000317;22.546332;o;0.003982;0.292186;3.111037;5.174792;8.285830;9.244289;4.719685;22.546003;
0;2147483647;40000000;481928;83;4456.025894;1;0.000000;0.000162;22.517623;o;0.003446;0.292853;3.083213;5.111339;8.194553;9.333604;4.692962;22.517448;
0;2147483647;40000000;476191;84;4509.710698;1;0.000000;0.000284;22.546464;o;0.003742;0.292449;3.102502;5.153537;8.256040;9.277687;4.716218;22.546167;
0;2147483647;40000000;470589;85;4563.395334;1;0.000000;0.000294;22.604958;o;0.003764;0.292481;3.056677;5.093893;8.150572;9.437885;4.719920;22.604652;
0;2147483647;40000000;465117;86;4617.082685;1;0.000000;0.000157;22.755117;o;0.003929;0.292008;3.050087;5.132976;8.183064;9.529339;4.746576;22.754947;
0;2147483647;40000000;459771;87;4670.767941;1;0.000000;0.000151;22.586628;o;0.003730;0.293245;2.973251;5.058354;8.031606;9.551566;4.706286;22.586465;
0;2147483647;40000000;454546;88;4724.458354;1;0.000000;0.000134;22.755794;o;0.003417;0.292459;3.024100;5.126478;8.150579;9.635463;4.673697;22.755647;
0;2147483647;40000000;449439;89;4778.142633;1;0.000000;0.000137;22.724614;o;0.003600;0.292096;2.935760;5.071490;8.007252;9.705825;4.715662;22.724464;
0;2147483647;40000000;444445;90;4831.832166;1;0.000000;0.000289;22.907284;o;0.003897;0.292861;3.006020;5.147850;8.153871;9.737010;4.719314;22.906983;
0;2147483647;40000000;439561;91;4885.519068;1;0.000000;0.000278;22.998591;o;0.003774;0.292937;2.968936;5.169868;8.138806;9.839626;4.723126;22.998301;
0;2147483647;40000000;434783;92;4939.207943;1;0.000000;0.000113;22.823733;o;0.003329;0.292489;2.924343;5.089852;8.014196;9.804579;4.708985;22.823608;
0;2147483647;40000000;430108;93;4992.893987;1;0.000000;0.000120;23.018030;o;0.003522;0.292196;2.911580;5.154487;8.066068;9.942446;4.713636;23.017898;
0;2147483647;40000000;425532;94;5046.585561;1;0.000000;0.000229;23.083197;o;0.003536;0.292161;2.854666;5.140620;7.995287;10.070604;4.721336;23.082955;
0;2147483647;40000000;421053;95;5100.269199;1;0.000000;0.000262;23.284725;o;0.003573;0.293003;2.971093;5.175712;8.146806;10.110282;4.730755;23.284451;
0;2147483647;40000000;416667;96;5153.956630;1;0.000000;0.000226;23.070612;o;0.003356;0.293058;2.837875;5.097936;7.935812;10.160055;4.678058;23.070373;
0;2147483647;40000000;412372;97;5207.636908;1;0.000000;0.000205;23.212778;o;0.002834;0.293198;2.872360;5.147287;8.019648;10.230571;4.666276;23.212561;
0;2147483647;40000000;408164;98;5261.325465;1;0.000000;0.000242;23.274026;o;0.003749;0.293500;2.895693;5.126463;8.022157;10.303362;4.650972;23.273772;
0;2147483647;40000000;404041;99;5315.014187;1;0.000000;0.000194;23.147435;o;0.002954;0.292899;2.694550;5.094570;7.789121;10.356925;4.705297;23.147228;
0;2147483647;40000000;40000000;1;53.687091;1;0.000000;0.001633;13.307130;o;0.264139;0.294205;4.764436;3.277962;8.042399;2.543242;2.161469;13.305484;
0;2147483647;40000000;20000000;2;107.374182;1;0.000000;0.000801;14.150006;o;0.131880;0.293792;4.728893;2.804474;7.533368;4.017971;2.172152;14.149193;
0;2147483647;40000000;13333333;3;161.061278;1;0.000000;0.000641;15.303873;o;0.088424;0.292622;4.698966;2.945447;7.644414;4.885625;2.392103;15.303219;
0;2147483647;40000000;10000000;4;214.748365;1;0.000000;0.000441;16.061534;o;0.066366;0.292942;4.655715;3.155046;7.810761;5.241187;2.649791;16.061081;
0;2147483647;40000000;8000000;5;268.435456;1;0.000000;0.000496;16.532282;o;0.053242;0.293064;4.640389;3.186284;7.826675;5.518047;2.840710;16.531773;
0;2147483647;40000000;6666667;6;322.122531;1;0.000000;0.000413;16.851608;o;0.044681;0.292535;4.601896;3.256058;7.857955;5.638993;3.016986;16.851183;
0;2147483647;40000000;5714286;7;375.809619;1;0.000000;0.000325;17.192691;o;0.037965;0.293069;4.569625;3.354839;7.924465;5.698833;3.237988;17.192354;
0;2147483647;40000000;5000000;8;429.496729;1;0.000000;0.000411;17.649755;o;0.033451;0.293094;4.616449;3.497870;8.114320;5.825081;3.383352;17.649332;
0;2147483647;40000000;4444445;9;483.183760;1;0.000000;0.000465;18.012736;o;0.029846;0.292702;4.515120;3.685120;8.200241;5.843874;3.645560;18.012258;
0;2147483647;40000000;4000000;10;536.870912;1;0.000000;0.000255;18.316899;o;0.026729;0.293182;4.482561;3.918299;8.400862;5.761643;3.834178;18.316631;
0;2147483647;40000000;3636364;11;590.557944;1;0.000000;0.000303;18.954675;o;0.024801;0.292618;4.555030;4.132840;8.687871;5.930319;4.018717;18.954360;
0;2147483647;40000000;3333334;12;644.244965;1;0.000000;0.000368;19.202164;o;0.022528;0.292362;4.450376;4.276219;8.726596;5.961341;4.198924;19.201784;
0;2147483647;40000000;3076923;13;697.932203;1;0.000000;0.000238;19.346571;o;0.020822;0.292748;4.410619;4.393381;8.804000;5.954987;4.273731;19.346321;
0;2147483647;40000000;2857143;14;751.619239;1;0.000000;0.000250;19.479877;o;0.018962;0.293291;4.392834;4.480296;8.873131;5.958464;4.335733;19.479615;
0;2147483647;40000000;2666667;15;805.306267;1;0.000000;0.000185;19.509194;o;0.018052;0.292916;4.350453;4.541610;8.892065;5.929744;4.376186;19.508996;
0;2147483647;40000000;2500000;16;858.993459;1;0.000000;0.000322;19.852222;o;0.017576;0.292368;4.346554;4.642367;8.988922;6.065156;4.487832;19.851888;
0;2147483647;40000000;2352942;17;912.680231;1;0.000000;0.000281;19.836568;o;0.016242;0.292927;4.327586;4.645158;8.972745;6.057755;4.496575;19.836275;
0;2147483647;40000000;2222223;18;966.367303;1;0.000000;0.000283;20.023633;o;0.015328;0.292742;4.273523;4.771352;9.044877;6.127644;4.542713;20.023337;
0;2147483647;40000000;2105264;19;1020.054324;1;0.000000;0.000305;20.091407;o;0.014837;0.292749;4.273089;4.832642;9.105732;6.137473;4.540265;20.091089;
0;2147483647;40000000;2000000;20;1073.741824;1;0.000000;0.000334;20.241209;o;0.014228;0.292790;4.257760;4.917571;9.175332;6.193754;4.564725;20.240863;
0;2147483647;40000000;1904762;21;1127.428858;1;0.000000;0.000200;20.252368;o;0.013042;0.293131;4.234010;4.918620;9.152632;6.215129;4.578185;20.252153;
0;2147483647;40000000;1818182;22;1181.115888;1;0.000000;0.000253;20.219294;o;0.012634;0.292690;4.211478;4.970618;9.182097;6.158241;4.573334;20.219028;
0;2147483647;40000000;1739131;23;1234.802696;1;0.000000;0.000157;20.376112;o;0.011928;0.292507;4.200111;4.988961;9.189073;6.279191;4.603210;20.375943;
0;2147483647;40000000;1666667;24;1288.489931;1;0.000000;0.000345;20.390081;o;0.011621;0.292954;4.174374;4.958481;9.132855;6.315299;4.636961;20.389724;
0;2147483647;40000000;1600000;25;1342.177279;1;0.000000;0.000289;20.367754;o;0.011258;0.293056;4.142270;5.005643;9.147914;6.310465;4.604725;20.367453;
0;2147483647;40000000;1538462;26;1395.863952;1;0.000000;0.000227;20.439927;o;0.011239;0.292616;4.122644;5.050741;9.173386;6.313786;4.648628;20.439687;
0;2147483647;40000000;1481482;27;1449.550954;1;0.000000;0.000156;20.498804;o;0.010125;0.293064;4.077406;5.050644;9.128051;6.419403;4.647850;20.498527;
0;2147483647;40000000;1428572;28;1503.237952;1;0.000000;0.000237;20.535198;o;0.010062;0.292912;4.083589;5.069254;9.152845;6.420300;4.658799;20.534948;
0;2147483647;40000000;1379311;29;1556.924905;1;0.000000;0.000313;20.754629;o;0.009756;0.292220;4.063391;5.124871;9.188263;6.526938;4.737099;20.754304;
0;2147483647;40000000;1333334;30;1610.611930;1;0.000000;0.000296;20.735822;o;0.009788;0.292413;4.035792;5.108378;9.144171;6.551422;4.737691;20.735514;
0;2147483647;40000000;1290323;31;1664.299286;1;0.000000;0.000223;20.820846;o;0.009501;0.293166;4.049499;5.151027;9.200527;6.600030;4.717357;20.820611;
0;2147483647;40000000;1250000;32;1717.986918;1;0.000000;0.000300;20.820832;o;0.008944;0.292308;4.007120;5.136029;9.143151;6.648894;4.727193;20.820519;
0;2147483647;40000000;1212122;33;1771.672857;1;0.000000;0.000246;20.819906;o;0.008272;0.292377;3.962568;5.186994;9.149563;6.677761;4.691643;20.819648;
0;2147483647;40000000;1176471;34;1825.360461;1;0.000000;0.000227;20.837243;o;0.008416;0.292625;3.909126;5.104740;9.013867;6.761439;4.760626;20.837003;
0;2147483647;40000000;1142858;35;1879.046782;1;0.000000;0.000212;20.860158;o;0.008326;0.292597;3.942458;5.159201;9.101660;6.746856;4.710463;20.859933;
0;2147483647;40000000;1111112;36;1932.733736;1;0.000000;0.000294;20.825484;o;0.007770;0.292357;3.881485;5.131964;9.013449;6.806221;4.705350;20.825177;
0;2147483647;40000000;1081082;37;1986.420685;1;0.000000;0.000245;20.855927;o;0.007481;0.292360;3.853400;5.182349;9.035750;6.824542;4.695504;20.855670;
0;2147483647;40000000;1052632;38;2040.108649;1;0.000000;0.000217;20.958732;o;0.007276;0.292566;3.868084;5.178763;9.046848;6.912562;4.699217;20.958503;
0;2147483647;40000000;1025641;39;2093.796608;1;0.000000;0.000213;20.949321;o;0.007647;0.292547;3.846930;5.170981;9.017913;6.928101;4.702854;20.949095;
0;2147483647;40000000;1000000;40;2147.483647;1;0.000000;0.000183;20.947712;o;0.007180;0.292707;3.839996;5.161021;9.001019;6.926691;4.719885;20.947517;
0;2147483647;40000000;975610;41;2201.170188;1;0.000000;0.000279;21.013271;o;0.007091;0.292301;3.820780;5.182662;9.003444;7.008061;4.702048;21.012980;
0;2147483647;40000000;952381;42;2254.857717;1;0.000000;0.000280;21.117495;o;0.007150;0.293020;3.768360;5.158345;8.926705;7.163405;4.726893;21.117203;
0;2147483647;40000000;930233;43;2308.543824;1;0.000000;0.000236;21.056919;o;0.006420;0.292466;3.770185;5.184998;8.955184;7.115999;4.686570;21.056672;
0;2147483647;40000000;909091;44;2362.231775;1;0.000000;0.000223;21.018702;o;0.006918;0.292502;3.744446;5.212792;8.957240;7.065171;4.696598;21.018462;
0;2147483647;40000000;888889;45;2415.918801;1;0.000000;0.000174;21.129841;o;0.006048;0.292544;3.747442;5.216657;8.964100;7.135577;4.731351;21.129654;
0;2147483647;40000000;869566;46;2469.603971;1;0.000000;0.000297;21.141161;o;0.006267;0.292498;3.701701;5.201108;8.902810;7.228761;4.710485;21.140852;
0;2147483647;40000000;851064;47;2523.292781;1;0.000000;0.000148;21.111934;o;0.005918;0.293495;3.694503;5.197900;8.892404;7.233353;4.686572;21.111773;
0;2147483647;40000000;833334;48;2576.978315;1;0.000000;0.000280;21.196006;o;0.006576;0.292624;3.648345;5.179161;8.827507;7.364997;4.703978;21.195713;
0;2147483647;40000000;816327;49;2630.665955;1;0.000000;0.000234;21.332752;o;0.005648;0.292487;3.773911;5.201943;8.975855;7.300832;4.757655;21.332506;
0;2147483647;40000000;800000;50;2684.354559;1;0.000000;0.000239;21.176816;o;0.005960;0.292899;3.617946;5.171915;8.789862;7.393400;4.694413;21.176565;
0;2147483647;40000000;784314;51;2738.040692;1;0.000000;0.000210;21.409872;o;0.005653;0.292767;3.623826;5.228077;8.851904;7.554160;4.705134;21.409649;
0;2147483647;40000000;769231;52;2791.727904;1;0.000000;0.000206;21.349474;o;0.005753;0.292556;3.582272;5.207224;8.789498;7.545823;4.715593;21.349256;
0;2147483647;40000000;754717;53;2845.415761;1;0.000000;0.000317;21.344868;o;0.005579;0.292561;3.548285;5.188290;8.736576;7.592634;4.717158;21.344538;
0;2147483647;40000000;740741;54;2899.101909;1;0.000000;0.000308;21.296871;o;0.005513;0.292707;3.528168;5.126496;8.654664;7.620671;4.722966;21.296551;
0;2147483647;40000000;727273;55;2952.788907;1;0.000000;0.000171;21.360210;o;0.005576;0.292471;3.503871;5.175669;8.679542;7.687832;4.694576;21.360027;
0;2147483647;40000000;714286;56;3006.475903;1;0.000001;0.000148;21.493578;o;0.005287;0.292359;3.492255;5.197634;8.689890;7.798408;4.707442;21.493417;
0;2147483647;40000000;701755;57;3060.161519;1;0.000000;0.000147;21.401438;o;0.005347;0.292359;3.495346;5.197897;8.693244;7.715653;4.694645;21.401279;
0;2147483647;40000000;689656;58;3113.847552;1;0.000000;0.000117;21.490147;o;0.005097;0.292478;3.441151;5.207683;8.648835;7.865760;4.677818;21.490018;
0;2147483647;40000000;677967;59;3167.534182;1;0.000000;0.000270;21.525694;o;0.005503;0.292714;3.517370;5.176921;8.694292;7.841577;4.691294;21.525411;
0;2147483647;40000000;666667;60;3221.223860;1;0.000000;0.000249;21.497429;o;0.005457;0.292664;3.458538;5.157923;8.616463;7.898974;4.683579;21.497168;
0;2147483647;40000000;655738;61;3274.911088;1;0.000000;0.000226;21.501788;o;0.004985;0.292855;3.354446;5.122019;8.476467;8.050407;4.676806;21.501550;
0;2147483647;40000000;645162;62;3328.595991;1;0.000000;0.000191;21.574480;o;0.004533;0.293352;3.461081;5.158285;8.619367;8.016337;4.640657;21.574277;
0;2147483647;40000000;634921;63;3382.284799;1;0.000000;0.000183;21.612964;o;0.004361;0.292608;3.384331;5.108426;8.492758;8.117479;4.705531;21.612768;
0;2147483647;40000000;625000;64;3435.973835;1;0.000000;0.000183;21.735577;o;0.004469;0.293008;3.362313;5.128179;8.490493;8.254502;4.692878;21.735382;
0;2147483647;40000000;615385;65;3489.658745;1;0.000000;0.000315;21.632931;o;0.004870;0.292331;3.360227;5.130567;8.490794;8.160961;4.683617;21.632604;
0;2147483647;40000000;606061;66;3543.345714;1;0.000000;0.000294;21.714787;o;0.004841;0.292939;3.334268;5.114081;8.448350;8.274568;4.693752;21.714480;
0;2147483647;40000000;597015;67;3597.034659;1;0.000000;0.000148;21.731180;o;0.004396;0.292589;3.259202;5.136472;8.395675;8.334757;4.703571;21.731018;
0;2147483647;40000000;588236;68;3650.717819;1;0.000000;0.000141;22.072233;o;0.004240;0.293040;3.483632;5.155064;8.638697;8.429772;4.706301;22.072080;
0;2147483647;40000000;579711;69;3704.403827;1;0.000000;0.000151;21.949690;o;0.004556;0.292579;3.288477;5.152695;8.441172;8.462576;4.748615;21.949527;
0;2147483647;40000000;571429;70;3758.093564;1;0.000000;0.000118;21.642349;o;0.004197;0.292664;3.148398;5.092640;8.241039;8.438743;4.665545;21.642218;
0;2147483647;40000000;563381;71;3811.778613;1;0.000000;0.000260;21.931791;o;0.004128;0.293143;3.186827;5.156141;8.342970;8.586741;4.704506;21.931518;
0;2147483647;40000000;555556;72;3865.467472;1;0.000000;0.000103;22.020156;o;0.004083;0.292714;3.244108;5.148058;8.392168;8.671503;4.659542;22.020041;
0;2147483647;40000000;547946;73;3919.151973;1;0.000000;0.000231;22.024216;o;0.004167;0.292672;3.200576;5.109132;8.309709;8.743674;4.673719;22.023973;
0;2147483647;40000000;540541;74;3972.841370;1;0.000000;0.000231;22.172276;o;0.004232;0.292491;3.176159;5.145434;8.321594;8.842794;4.710891;22.172032;
0;2147483647;40000000;40000000;1;53.687091;1;0.000000;0.001611;13.206015;o;0.265328;0.299519;4.736168;3.211273;7.947443;2.610837;2.081232;13.204391;
0;2147483647;40000000;20000000;2;107.374182;1;0.000000;0.000822;14.060776;o;0.132906;0.299063;4.692031;2.766383;7.458415;3.958208;2.211317;14.059941;
0;2147483647;40000000;13333333;3;161.061278;1;0.000000;0.000642;15.231601;o;0.089258;0.298703;4.667439;3.014133;7.681573;4.783345;2.378034;15.230946;
0;2147483647;40000000;10000000;4;214.748365;1;0.000000;0.000571;15.889405;o;0.067305;0.298907;4.636009;3.125542;7.761553;5.139028;2.621995;15.888822;
0;2147483647;40000000;8000000;5;268.435456;1;0.000000;0.000470;16.392288;o;0.053299;0.300491;4.594129;3.178655;7.772786;5.458430;2.806765;16.391806;
0;2147483647;40000000;6666667;6;322.122531;1;0.000000;0.000405;16.738483;o;0.044604;0.298515;4.565343;3.226435;7.791780;5.607006;2.996127;16.738064;
0;2147483647;40000000;5714286;7;375.809619;1;0.000000;0.000346;16.988278;o;0.038518;0.298902;4.533468;3.328461;7.861931;5.620100;3.168435;16.987919;
0;2147483647;40000000;5000000;8;429.496729;1;0.000000;0.000406;17.360628;o;0.033782;0.299295;4.530809;3.447391;7.978201;5.663059;3.385840;17.360210;
0;2147483647;40000000;4444445;9;483.183760;1;0.000000;0.000348;17.764505;o;0.029950;0.298121;4.466395;3.656695;8.123092;5.687487;3.625459;17.764144;
0;2147483647;40000000;4000000;10;536.870912;1;0.000000;0.000424;18.177153;o;0.027724;0.299285;4.463777;3.839519;8.303297;5.711788;3.834589;18.176717;
0;2147483647;40000000;3636364;11;590.557944;1;0.000000;0.000306;18.562072;o;0.024965;0.298414;4.424621;4.054251;8.478873;5.835258;3.924209;18.561754;
0;2147483647;40000000;3333334;12;644.244965;1;0.000000;0.000257;18.929462;o;0.022843;0.298467;4.400782;4.298636;8.699420;5.799327;4.109102;18.929193;
0;2147483647;40000000;3076923;13;697.932203;1;0.000000;0.000257;19.084295;o;0.021138;0.298714;4.371340;4.367369;8.738711;5.893139;4.132289;19.084025;
0;2147483647;40000000;2857143;14;751.619239;1;0.000000;0.000303;19.329097;o;0.019886;0.299106;4.366300;4.529013;8.895314;5.866547;4.247892;19.328782;
0;2147483647;40000000;2666667;15;805.306267;1;0.000000;0.000208;19.471192;o;0.018231;0.298656;4.320222;4.625878;8.946101;5.960005;4.247943;19.470971;
0;2147483647;40000000;2500000;16;858.993459;1;0.000000;0.000328;19.561821;o;0.017783;0.298494;4.317248;4.665248;8.982498;5.972114;4.290556;19.561480;
0;2147483647;40000000;2352942;17;912.680231;1;0.000000;0.000282;19.679754;o;0.016134;0.299338;4.278660;4.711849;8.990510;5.980942;4.392498;19.679459;
0;2147483647;40000000;2222223;18;966.367303;1;0.000000;0.000293;19.781179;o;0.015426;0.299239;4.274425;4.757150;9.031576;6.013970;4.420627;19.780873;
0;2147483647;40000000;2105264;19;1020.054324;1;0.000000;0.000275;19.776906;o;0.014263;0.298384;4.237891;4.771593;9.009485;6.085763;4.368689;19.776618;
0;2147483647;40000000;2000000;20;1073.741824;1;0.000000;0.000338;19.856696;o;0.014234;0.299287;4.244766;4.788943;9.033711;6.111881;4.397198;19.856346;
0;2147483647;40000000;1904762;21;1127.428858;1;0.000000;0.000216;19.961117;o;0.013434;0.299058;4.200368;4.855611;9.055980;6.207036;4.385348;19.960889;
0;2147483647;40000000;1818182;22;1181.115888;1;0.000000;0.000284;20.047962;o;0.013391;0.298655;4.176490;4.900248;9.076740;6.189333;4.469505;20.047664;
0;2147483647;40000000;1739131;23;1234.802696;1;0.000000;0.000319;20.008741;o;0.012296;0.299001;4.149165;4.871471;9.020637;6.181904;4.494535;20.008409;
0;2147483647;40000000;1666667;24;1288.489931;1;0.000000;0.000224;20.037890;o;0.011545;0.299403;4.124466;4.897776;9.022243;6.211144;4.493283;20.037652;
0;2147483647;40000000;1600000;25;1342.177279;1;0.000000;0.000283;20.133659;o;0.010831;0.298789;4.104382;4.942934;9.047318;6.261532;4.514857;20.133363;
0;2147483647;40000000;1538462;26;1395.863952;1;0.000000;0.000357;20.269959;o;0.010936;0.298615;4.089404;4.962254;9.051660;6.370532;4.537813;20.269590;
0;2147483647;40000000;1481482;27;1449.550954;1;0.000000;0.000305;20.229706;o;0.010664;0.299315;4.064446;4.964509;9.028956;6.367155;4.523264;20.229388;
0;2147483647;40000000;1428572;28;1503.237952;1;0.000000;0.000218;20.286597;o;0.009681;0.298598;4.042457;4.994235;9.036693;6.390379;4.550981;20.286366;
0;2147483647;40000000;1379311;29;1556.924905;1;0.000000;0.000344;20.333420;o;0.010129;0.299444;4.024239;5.008236;9.032476;6.417879;4.573102;20.333064;
0;2147483647;40000000;1333334;30;1610.611930;1;0.000000;0.000266;20.350745;o;0.009480;0.298630;3.995301;5.023682;9.018984;6.443096;4.580240;20.350466;
0;2147483647;40000000;1290323;31;1664.299286;1;0.000000;0.000241;20.415259;o;0.009050;0.299337;3.983132;5.035662;9.018795;6.510449;4.577339;20.415005;
0;2147483647;40000000;1250000;32;1717.986918;1;0.000000;0.000339;20.442598;o;0.009232;0.298634;3.953902;5.020872;8.974776;6.556367;4.603203;20.442246;
0;2147483647;40000000;1212122;33;1771.672857;1;0.000000;0.000282;20.428787;o;0.008637;0.298978;3.933420;5.076203;9.009625;6.571771;4.539447;20.428492;
0;2147483647;40000000;1176471;34;1825.360461;1;0.000000;0.000224;20.493919;o;0.007924;0.298257;3.905440;5.090040;8.995481;6.624398;4.567585;20.493682;
0;2147483647;40000000;1142858;35;1879.046782;1;0.000000;0.000216;20.568189;o;0.008237;0.299066;3.880142;5.053046;8.933189;6.724800;4.602632;20.567960;
0;2147483647;40000000;1111112;36;1932.733736;1;0.000000;0.000167;20.598942;o;0.007826;0.298735;3.902995;5.095874;8.998870;6.701315;4.591983;20.598762;
0;2147483647;40000000;1081082;37;1986.420685;1;0.000000;0.000269;20.626368;o;0.007501;0.299198;3.860866;5.111868;8.972736;6.746516;4.600102;20.626086;
0;2147483647;40000000;1052632;38;2040.108649;1;0.000000;0.000109;20.665413;o;0.007533;0.298576;3.828436;5.046336;8.874773;6.885572;4.598800;20.665291;
0;2147483647;40000000;1025641;39;2093.796608;1;0.000000;0.000220;20.700883;o;0.007282;0.299291;3.819768;5.117300;8.937069;6.842737;4.614236;20.700651;
0;2147483647;40000000;1000000;40;2147.483647;1;0.000000;0.000189;20.751858;o;0.007266;0.299303;3.836765;5.116198;8.952964;6.887330;4.604759;20.751657;
0;2147483647;40000000;975610;41;2201.170188;1;0.000000;0.000309;20.760580;o;0.007100;0.298997;3.786440;5.125642;8.912084;6.948654;4.593388;20.760258;
0;2147483647;40000000;952381;42;2254.857717;1;0.000000;0.000139;20.728978;o;0.006665;0.298296;3.757476;5.092596;8.850073;6.969065;4.604693;20.728826;
0;2147483647;40000000;930233;43;2308.543824;1;0.000000;0.000244;20.759253;o;0.006537;0.298910;3.725928;5.043137;8.769066;7.092997;4.591451;20.758997;
0;2147483647;40000000;909091;44;2362.231775;1;0.000000;0.000229;20.774286;o;0.006381;0.299691;3.714248;5.052917;8.767166;7.113758;4.587012;20.774045;
0;2147483647;40000000;888889;45;2415.918801;1;0.000000;0.000202;20.879343;o;0.006415;0.299428;3.702834;5.047464;8.750300;7.215980;4.606973;20.879128;
0;2147483647;40000000;869566;46;2469.603971;1;0.000000;0.000203;20.950462;o;0.006626;0.298791;3.793636;5.109121;8.902758;7.153926;4.588110;20.950247;
0;2147483647;40000000;851064;47;2523.292781;1;0.000000;0.000326;21.629229;o;0.006447;0.299242;3.681243;5.151264;8.832509;7.708408;4.782253;21.628890;
0;2147483647;40000000;833334;48;2576.978315;1;0.000000;0.000293;20.989919;o;0.006143;0.298325;3.651250;5.046176;8.697427;7.387192;4.600496;20.989614;
0;2147483647;40000000;816327;49;2630.665955;1;0.000000;0.000297;20.961002;o;0.006605;0.299298;3.706729;5.061696;8.768426;7.313479;4.572850;20.960693;
0;2147483647;40000000;800000;50;2684.354559;1;0.000000;0.000270;22.020409;o;0.006270;0.298972;3.767749;5.253871;9.021621;7.897431;4.795802;22.020126;
0;2147483647;40000000;784314;51;2738.040692;1;0.000000;0.000223;20.961174;o;0.005618;0.298696;3.582501;5.018879;8.601382;7.493944;4.561263;20.960933;
0;2147483647;40000000;769231;52;2791.727904;1;0.000000;0.000233;20.938040;o;0.005964;0.298878;3.553082;5.007635;8.560718;7.498805;4.573396;20.937793;
0;2147483647;40000000;754717;53;2845.415761;1;0.000000;0.000206;20.950434;o;0.005612;0.299348;3.523312;5.002518;8.525830;7.548119;4.571273;20.950214;
0;2147483647;40000000;740741;54;2899.101909;1;0.000000;0.000215;20.974463;o;0.005896;0.298951;3.496506;5.007903;8.504410;7.602639;4.562307;20.974235;
0;2147483647;40000000;727273;55;2952.788907;1;0.000000;0.000296;21.039923;o;0.005178;0.298884;3.496284;5.021638;8.517924;7.652644;4.564954;21.039615;
0;2147483647;40000000;714286;56;3006.475903;1;0.000000;0.000289;21.099391;o;0.005197;0.298855;3.475377;5.013122;8.488500;7.741834;4.564672;21.099089;
0;2147483647;40000000;701755;57;3060.161519;1;0.000000;0.000142;21.026476;o;0.005211;0.298845;3.435649;4.932517;8.368166;7.804183;4.549883;21.026322;
0;2147483647;40000000;689656;58;3113.847552;1;0.000000;0.000276;21.090828;o;0.005308;0.299531;3.450548;4.981909;8.432459;7.830591;4.522619;21.090540;
0;2147483647;40000000;677967;59;3167.534182;1;0.000000;0.000231;21.174676;o;0.004621;0.299302;3.416260;5.006522;8.422784;7.893087;4.554606;21.174432;
0;2147483647;40000000;666667;60;3221.223860;1;0.000000;0.000282;21.203014;o;0.005450;0.299036;3.441862;4.989334;8.431197;7.905946;4.561059;21.202719;
0;2147483647;40000000;655738;61;3274.911088;1;0.000000;0.000207;21.279325;o;0.004541;0.298021;3.432052;5.011733;8.443786;7.960466;4.572261;21.279105;
0;2147483647;40000000;645162;62;3328.595991;1;0.000000;0.000232;21.200804;o;0.005050;0.299114;3.343556;4.946965;8.290522;8.071400;4.534442;21.200559;
0;2147483647;40000000;634921;63;3382.284799;1;0.000000;0.000225;21.324547;o;0.005067;0.299127;3.346468;5.018591;8.365061;8.072476;4.582551;21.324309;
0;2147483647;40000000;625000;64;3435.973835;1;0.000000;0.000350;21.482867;o;0.004961;0.298934;3.377853;5.035502;8.413355;8.178672;4.586550;21.482504;
0;2147483647;40000000;615385;65;3489.658745;1;0.000000;0.000209;21.527336;o;0.004888;0.299062;3.392124;5.029468;8.421593;8.219109;4.582432;21.527115;
0;2147483647;40000000;606061;66;3543.345714;1;0.000000;0.000194;21.476377;o;0.004881;0.298998;3.297524;4.964416;8.261942;8.326884;4.583435;21.476170;
0;2147483647;40000000;597015;67;3597.034659;1;0.000000;0.000304;21.547174;o;0.004516;0.297551;3.289068;5.026691;8.315760;8.337085;4.591916;21.546858;
0;2147483647;40000000;588236;68;3650.717819;1;0.000000;0.000154;21.568582;o;0.004420;0.299082;3.261635;5.024762;8.286398;8.386228;4.592256;21.568415;
0;2147483647;40000000;579711;69;3704.403827;1;0.000000;0.000287;21.606947;o;0.004436;0.298791;3.260472;5.046959;8.307432;8.415944;4.580014;21.606647;
0;2147483647;40000000;571429;70;3758.093564;1;0.000000;0.000138;21.633265;o;0.004042;0.299383;3.237625;5.032170;8.269796;8.473053;4.586810;21.633114;
0;2147483647;40000000;563381;71;3811.778613;1;0.000000;0.000255;21.722430;o;0.004269;0.299000;3.208593;5.026024;8.234618;8.568245;4.615998;21.722162;
0;2147483647;40000000;555556;72;3865.467472;1;0.000000;0.000284;21.790207;o;0.004744;0.298977;3.234584;5.044785;8.279371;8.605750;4.601037;21.789910;
0;2147483647;40000000;547946;73;3919.151973;1;0.000000;0.000242;21.829934;o;0.004032;0.297716;3.198326;4.989426;8.187754;8.743116;4.597030;21.829679;
0;2147483647;40000000;540541;74;3972.841370;1;0.000000;0.000265;21.849826;o;0.004544;0.298998;3.186004;5.032262;8.218267;8.720882;4.606829;21.849549;
0;2147483647;40000000;533334;75;4026.526805;1;0.000000;0.000238;21.946890;o;0.004279;0.299301;3.180051;5.045716;8.225768;8.813613;4.603649;21.946640;
0;2147483647;40000000;526316;76;4080.217297;1;0.000000;0.000207;21.920936;o;0.003578;0.299299;3.134850;5.044363;8.179213;8.848671;4.589923;21.920716;
0;2147483647;40000000;519481;77;4133.902197;1;0.000000;0.000363;22.001850;o;0.004104;0.299342;3.147032;5.037464;8.184497;8.922716;4.590785;22.001474;
0;2147483647;40000000;512821;78;4187.589133;1;0.000000;0.000223;22.009974;o;0.004136;0.299027;3.114071;5.053335;8.167407;8.939457;4.599681;22.009739;
0;2147483647;40000000;506330;79;4241.272781;1;0.000000;0.000190;22.026175;o;0.003538;0.299245;3.097974;5.033034;8.131009;8.994659;4.597490;22.025971;
0;2147483647;40000000;500000;80;4294.967294;1;0.000000;0.000226;22.135783;o;0.004245;0.298769;3.124547;5.048645;8.173193;9.057855;4.601452;22.135544;
0;2147483647;40000000;493828;81;4348.646992;1;0.000000;0.000193;22.177747;o;0.003939;0.299322;3.058031;5.042093;8.100124;9.173392;4.600733;22.177541;
0;2147483647;40000000;487805;82;4402.340376;1;0.000000;0.000333;22.207527;o;0.004000;0.299177;3.077485;5.041401;8.118887;9.175503;4.609584;22.207182;
0;2147483647;40000000;481928;83;4456.025894;1;0.000000;0.000314;22.237896;o;0.003684;0.299243;3.053626;5.032270;8.085897;9.257799;4.590916;22.237569;
0;2147483647;40000000;476191;84;4509.710698;1;0.000000;0.000322;22.296277;o;0.003836;0.298992;3.043461;5.036724;8.080186;9.321598;4.591298;22.295943;
0;2147483647;40000000;470589;85;4563.395334;1;0.000000;0.000298;22.357814;o;0.003654;0.299243;3.051246;5.033044;8.084291;9.389908;4.580376;22.357503;
0;2147483647;40000000;465117;86;4617.082685;1;0.000000;0.000174;22.364392;o;0.003815;0.298418;3.007083;5.031672;8.038755;9.438845;4.584339;22.364205;
0;2147483647;40000000;459771;87;4670.767941;1;0.000000;0.000153;22.356066;o;0.003476;0.298498;2.953589;5.010281;7.963871;9.483234;4.606791;22.355901;
0;2147483647;40000000;454546;88;4724.458354;1;0.000000;0.000140;22.450416;o;0.003253;0.299355;2.970675;5.006733;7.977409;9.583152;4.587063;22.450263;
0;2147483647;40000000;449439;89;4778.142633;1;0.000000;0.000142;22.439147;o;0.003320;0.299136;2.934740;4.992895;7.927637;9.625526;4.583343;22.438992;
0;2147483647;40000000;444445;90;4831.832166;1;0.000000;0.000132;22.588256;o;0.003347;0.298765;3.030186;5.033662;8.063849;9.639769;4.582347;22.588109;
0;2147483647;40000000;439561;91;4885.519068;1;0.000000;0.000138;22.541499;o;0.003477;0.298762;2.922750;4.979550;7.902301;9.749423;4.587356;22.541349;
0;2147483647;40000000;434783;92;4939.207943;1;0.000000;0.000120;22.628697;o;0.003159;0.299161;2.926001;4.980690;7.906693;9.842081;4.577440;22.628565;
0;2147483647;40000000;430108;93;4992.893987;1;0.000000;0.000286;22.726006;o;0.003696;0.298858;2.937179;5.010157;7.947338;9.888676;4.587104;22.725708;
0;2147483647;40000000;425532;94;5046.585561;1;0.000000;0.000274;22.835030;o;0.003689;0.299265;2.932407;5.041639;7.974047;9.949177;4.608535;22.834744;
0;2147483647;40000000;421053;95;5100.269199;1;0.000000;0.000226;22.754573;o;0.002917;0.299285;2.852177;4.978483;7.830661;10.035328;4.586114;22.754335;
0;2147483647;40000000;416667;96;5153.956630;1;0.000000;0.000251;22.815401;o;0.003400;0.299416;2.848841;4.955362;7.804205;10.123343;4.584743;22.815138;
0;2147483647;40000000;412372;97;5207.636908;1;0.000000;0.000235;22.874567;o;0.003243;0.299389;2.852645;4.973979;7.826626;10.172323;4.572703;22.874314;
0;2147483647;40000000;408164;98;5261.325465;1;0.000000;0.000210;22.913846;o;0.002758;0.298650;2.813051;4.955883;7.768935;10.254409;4.588840;22.913624;
0;2147483647;40000000;404041;99;5315.014187;1;0.000000;0.000214;22.883956;o;0.003005;0.299042;2.781748;4.953316;7.735065;10.266795;4.579791;22.883729;
0;2147483647;40000000;40000000;1;53.687091;1;0.000000;0.001444;13.154301;o;0.265294;0.298065;4.743360;3.191375;7.934736;2.591874;2.062845;13.152845;
0;2147483647;40000000;20000000;2;107.374182;1;0.000000;0.000845;14.068986;o;0.133411;0.298762;4.700306;2.784125;7.484434;3.946414;2.205074;14.068128;
0;2147483647;40000000;13333333;3;161.061278;1;0.000000;0.000758;15.221623;o;0.090700;0.299135;4.675618;2.940393;7.616012;4.839713;2.375261;15.220852;
0;2147483647;40000000;10000000;4;214.748365;1;0.000000;0.000575;15.825402;o;0.066732;0.299041;4.625435;3.063821;7.689257;5.114820;2.654931;15.824814;
0;2147483647;40000000;8000000;5;268.435456;1;0.000000;0.000481;16.348436;o;0.053231;0.298671;4.607917;3.177632;7.785550;5.406553;2.803902;16.347942;
0;2147483647;40000000;6666667;6;322.122531;1;0.000000;0.000436;16.693893;o;0.045333;0.298872;4.561969;3.234612;7.796582;5.562918;2.989704;16.693444;
0;2147483647;40000000;5714286;7;375.809619;1;0.000000;0.000343;17.011578;o;0.038418;0.298816;4.546620;3.333292;7.879913;5.617472;3.176567;17.011222;
0;2147483647;40000000;5000000;8;429.496729;1;0.000000;0.000393;17.332920;o;0.033635;0.299000;4.492856;3.465375;7.958232;5.655863;3.385750;17.332514;
0;2147483647;40000000;4444445;9;483.183760;1;0.000000;0.000369;17.764829;o;0.030440;0.298771;4.487728;3.626881;8.114609;5.698463;3.622130;17.764448;
0;2147483647;40000000;4000000;10;536.870912;1;0.000000;0.000432;18.270918;o;0.027499;0.298964;4.455907;3.889374;8.345282;5.759215;3.839478;18.270473;
0;2147483647;40000000;3636364;11;590.557944;1;0.000000;0.000308;18.486869;o;0.024486;0.299488;4.434743;4.041194;8.475939;5.796308;3.890296;18.486549;
0;2147483647;40000000;3333334;12;644.244965;1;0.000000;0.000385;18.758741;o;0.022814;0.298643;4.398323;4.203181;8.601504;5.837401;3.997946;18.758343;
0;2147483647;40000000;3076923;13;697.932203;1;0.000000;0.000377;19.074898;o;0.020941;0.299162;4.376053;4.423198;8.799252;5.777332;4.177787;19.074508;
0;2147483647;40000000;2857143;14;751.619239;1;0.000000;0.000438;19.259657;o;0.020010;0.298878;4.353083;4.512113;8.865197;5.861557;4.213530;19.259206;
0;2147483647;40000000;2666667;15;805.306267;1;0.000000;0.000346;19.366547;o;0.018138;0.297792;4.322307;4.565229;8.887537;5.934439;4.228247;19.366188;
0;2147483647;40000000;2500000;16;858.993459;1;0.000000;0.000292;19.627150;o;0.016857;0.298885;4.300965;4.691675;8.992642;5.962539;4.355886;19.626846;
0;2147483647;40000000;2352942;17;912.680231;1;0.000000;0.000300;19.640394;o;0.016671;0.299126;4.296177;4.692888;8.989066;6.004873;4.330311;19.640081;
0;2147483647;40000000;2222223;18;966.367303;1;0.000000;0.000290;19.678726;o;0.015541;0.298677;4.274699;4.715816;8.990516;6.031646;4.342008;19.678422;
0;2147483647;40000000;2105264;19;1020.054324;1;0.000000;0.000317;19.792118;o;0.014919;0.299170;4.249477;4.776045;9.025523;6.079717;4.372421;19.791788;
0;2147483647;40000000;2000000;20;1073.741824;1;0.000000;0.000340;19.866162;o;0.014290;0.299360;4.232508;4.798615;9.031124;6.117585;4.403415;19.865809;
0;2147483647;40000000;1904762;21;1127.428858;1;0.000000;0.000349;19.866712;o;0.013373;0.298310;4.204940;4.832595;9.037537;6.119916;4.397180;19.866351;
0;2147483647;40000000;1818182;22;1181.115888;1;0.000000;0.000250;19.893179;o;0.012749;0.299232;4.172634;4.867732;9.040367;6.142469;4.398064;19.892916;
0;2147483647;40000000;1739131;23;1234.802696;1;0.000000;0.000325;20.013623;o;0.012460;0.299458;4.154887;4.881631;9.036519;6.179254;4.485561;20.013285;
0;2147483647;40000000;1666667;24;1288.489931;1;0.000000;0.000389;20.055799;o;0.011924;0.298545;4.137316;4.904660;9.041978;6.286215;4.416701;20.055396;
0;2147483647;40000000;1600000;25;1342.177279;1;0.000000;0.000295;20.085533;o;0.011237;0.299511;4.095125;4.923173;9.018299;6.245552;4.510593;20.085225;
0;2147483647;40000000;1538462;26;1395.863952;1;0.000000;0.000225;20.124073;o;0.010838;0.299091;4.074187;4.933536;9.007724;6.278188;4.527961;20.123835;
0;2147483647;40000000;1481482;27;1449.550954;1;0.000000;0.000283;20.226093;o;0.010147;0.299274;4.056607;4.973769;9.030377;6.325529;4.560437;20.225798;
0;2147483647;40000000;1428572;28;1503.237952;1;0.000000;0.000228;20.256416;o;0.010013;0.296858;4.033231;5.005292;9.038524;6.364942;4.545804;20.256176;
0;2147483647;40000000;1379311;29;1556.924905;1;0.000000;0.000361;20.364683;o;0.009938;0.299675;4.029000;5.012398;9.041399;6.429696;4.583564;20.364309;
0;2147483647;40000000;1333334;30;1610.611930;1;0.000000;0.000138;20.366633;o;0.009377;0.298612;3.988046;5.023864;9.011911;6.457660;4.588889;20.366482;
0;2147483647;40000000;1290323;31;1664.299286;1;0.000000;0.000220;20.381657;o;0.008936;0.298521;3.968255;5.039093;9.007350;6.483819;4.582763;20.381424;
0;2147483647;40000000;1250000;32;1717.986918;1;0.000000;0.000170;20.423236;o;0.008629;0.299392;3.945403;5.085383;9.030786;6.565426;4.518785;20.423053;
0;2147483647;40000000;1212122;33;1771.672857;1;0.000000;0.000145;20.421674;o;0.008614;0.298943;3.924168;5.081732;9.005901;6.590008;4.518011;20.421515;
0;2147483647;40000000;1176471;34;1825.360461;1;0.000000;0.000286;20.559046;o;0.008964;0.298919;3.926935;5.098377;9.025312;6.641000;4.584516;20.558747;
0;2147483647;40000000;1142858;35;1879.046782;1;0.000000;0.000369;20.563937;o;0.008446;0.298941;3.904788;5.098849;9.003638;6.669370;4.583125;20.563556;
0;2147483647;40000000;1111112;36;1932.733736;1;0.000000;0.000315;20.538712;o;0.008306;0.298772;3.872005;5.092239;8.964245;6.686354;4.580673;20.538384;
0;2147483647;40000000;1081082;37;1986.420685;1;0.000000;0.000285;20.567918;o;0.007965;0.298539;3.850244;5.091933;8.942178;6.732434;4.586469;20.567620;
0;2147483647;40000000;1052632;38;2040.108649;1;0.000000;0.000258;20.605074;o;0.007760;0.298820;3.832419;5.092444;8.924864;6.789599;4.583725;20.604804;
0;2147483647;40000000;1025641;39;2093.796608;1;0.000000;0.000203;20.604416;o;0.007043;0.298799;3.811941;5.080504;8.892446;6.817780;4.588098;20.604200;
0;2147483647;40000000;1000000;40;2147.483647;1;0.000000;0.000189;20.660185;o;0.007165;0.297958;3.804242;5.089329;8.893572;6.883425;4.577829;20.659983;
0;2147483647;40000000;975610;41;2201.170188;1;0.000000;0.000160;20.700223;o;0.006955;0.298745;3.765941;5.070595;8.836537;6.968301;4.589479;20.700051;
0;2147483647;40000000;952381;42;2254.857717;1;0.000000;0.000264;20.726443;o;0.006574;0.298579;3.751931;5.038744;8.790676;7.037320;4.592984;20.726166;
0;2147483647;40000000;930233;43;2308.543824;1;0.000000;0.000286;20.740023;o;0.007282;0.298641;3.752264;5.070796;8.823061;7.027654;4.583051;20.739724;
0;2147483647;40000000;909091;44;2362.231775;1;0.000000;0.000250;20.837069;o;0.006803;0.298989;3.726950;5.050887;8.777838;7.175280;4.577860;20.836806;
0;2147483647;40000000;888889;45;2415.918801;1;0.000000;0.000235;20.856525;o;0.006720;0.299200;3.690441;5.033915;8.724357;7.234847;4.591120;20.856277;
0;2147483647;40000000;869566;46;2469.603971;1;0.000000;0.000220;20.921147;o;0.006597;0.298712;3.740144;5.030784;8.770929;7.245161;4.599481;20.920915;
0;2147483647;40000000;851064;47;2523.292781;1;0.000000;0.000168;20.904122;o;0.006090;0.299382;3.658435;5.044964;8.703400;7.294377;4.600660;20.903941;
0;2147483647;40000000;833334;48;2576.978315;1;0.000000;0.000149;20.996496;o;0.006180;0.299088;3.637249;5.050736;8.687986;7.394505;4.608542;20.996332;
0;2147483647;40000000;816327;49;2630.665955;1;0.000000;0.000132;21.013680;o;0.005774;0.299525;3.613534;5.043492;8.657028;7.436084;4.615093;21.013535;
0;2147483647;40000000;800000;50;2684.354559;1;0.000000;0.000261;21.000361;o;0.005986;0.299542;3.604733;5.043736;8.648470;7.442628;4.603430;21.000087;
0;2147483647;40000000;784314;51;2738.040692;1;0.000000;0.000273;21.066551;o;0.006370;0.299093;3.597529;5.056043;8.653573;7.498464;4.608734;21.066266;
0;2147483647;40000000;769231;52;2791.727904;1;0.000000;0.000219;21.067942;o;0.005459;0.299692;3.559951;5.045500;8.605452;7.556578;4.600502;21.067711;
0;2147483647;40000000;754717;53;2845.415761;1;0.000000;0.000229;21.119070;o;0.005893;0.298963;3.548885;5.045669;8.594555;7.621852;4.597532;21.118827;
0;2147483647;40000000;740741;54;2899.101909;1;0.000000;0.000170;21.124033;o;0.005204;0.299513;3.517396;5.035823;8.553220;7.668093;4.597788;21.123850;
0;2147483647;40000000;727273;55;2952.788907;1;0.000000;0.000304;21.229709;o;0.005345;0.298181;3.566205;5.043943;8.610149;7.709443;4.606243;21.229392;
0;2147483647;40000000;714286;56;3006.475903;1;0.000000;0.000301;21.203211;o;0.005252;0.299143;3.493725;5.045934;8.539660;7.744683;4.614128;21.202897;
0;2147483647;40000000;701755;57;3060.161519;1;0.000000;0.000289;21.256160;o;0.005405;0.299489;3.478286;5.049335;8.527623;7.825331;4.597978;21.255859;
0;2147483647;40000000;689656;58;3113.847552;1;0.000000;0.000135;21.249870;o;0.005188;0.298579;3.433201;5.061581;8.494783;7.841337;4.609805;21.249722;
0;2147483647;40000000;677967;59;3167.534182;1;0.000000;0.000253;21.395940;o;0.005095;0.299901;3.442641;5.066021;8.508662;7.960678;4.621308;21.395675;
0;2147483647;40000000;666667;60;3221.223860;1;0.000000;0.000237;21.397058;o;0.004739;0.299108;3.434622;5.058456;8.493079;7.979220;4.620628;21.396808;
0;2147483647;40000000;655738;61;3274.911088;1;0.000000;0.000250;21.461764;o;0.005194;0.298874;3.426705;5.056272;8.482977;8.054994;4.619430;21.461501;
0;2147483647;40000000;645162;62;3328.595991;1;0.000000;0.000213;21.496861;o;0.004562;0.299334;3.424351;5.064126;8.488477;8.089389;4.614842;21.496636;
0;2147483647;40000000;634921;63;3382.284799;1;0.000000;0.000194;21.484353;o;0.004460;0.299076;3.354606;5.061069;8.415676;8.135691;4.629213;21.484147;
0;2147483647;40000000;625000;64;3435.973835;1;0.000000;0.000185;21.571198;o;0.004420;0.299197;3.396117;5.065167;8.461285;8.187282;4.618786;21.571001;
0;2147483647;40000000;615385;65;3489.658745;1;0.000000;0.000197;21.577372;o;0.004765;0.298651;3.341332;5.073483;8.414816;8.243457;4.615441;21.577162;
0;2147483647;40000000;606061;66;3543.345714;1;0.000000;0.000188;21.562327;o;0.004805;0.299087;3.317557;5.059043;8.376602;8.287673;4.593929;21.562126;
0;2147483647;40000000;597015;67;3597.034659;1;0.000000;0.000185;21.606765;o;0.004689;0.299009;3.293553;5.049715;8.343269;8.356885;4.602685;21.606567;
0;2147483647;40000000;588236;68;3650.717819;1;0.000000;0.000150;21.581985;o;0.004115;0.299651;3.255501;4.969539;8.225041;8.455941;4.597045;21.581823;
0;2147483647;40000000;579711;69;3704.403827;1;0.000000;0.000311;21.689490;o;0.004763;0.299429;3.280458;5.041412;8.321871;8.458022;4.605050;21.689167;
0;2147483647;40000000;571429;70;3758.093564;1;0.000000;0.000149;21.665932;o;0.004403;0.298870;3.231263;5.043246;8.274510;8.486806;4.601148;21.665769;
0;2147483647;40000000;563381;71;3811.778613;1;0.000000;0.000302;21.784607;o;0.004610;0.298566;3.248149;5.054032;8.302182;8.568623;4.610280;21.784293;
0;2147483647;40000000;555556;72;3865.467472;1;0.000000;0.000244;21.760345;o;0.004178;0.299131;3.196534;5.049985;8.246521;8.612111;4.598117;21.760089;
0;2147483647;40000000;547946;73;3919.151973;1;0.000000;0.000239;21.806257;o;0.004061;0.299257;3.183777;5.058621;8.242399;8.660612;4.599645;21.806005;
0;2147483647;40000000;540541;74;3972.841370;1;0.000000;0.000271;21.923176;o;0.004645;0.299209;3.247074;5.042784;8.289859;8.728197;4.600952;21.922891;
0;2147483647;40000000;533334;75;4026.526805;1;0.000000;0.000252;21.900718;o;0.004299;0.299015;3.173411;5.050440;8.223853;8.762941;4.610316;21.900454;
