min;max;size;buckets;mean_elements_in_bucket;threads;time_allocate_sync;time_deallocate;time_all;error;0;0;0;0;0;0;0;0;
0;32766;40000000;4000000;10;0.008192;1;0.000000;0.000229;14.947229;o;0.032772;0.264371;1.758197;4.496067;6.254266;4.277557;4.117983;14.946986;
0;32766;40000000;4000000;10;0.008192;2;0.000000;0.000396;11.680898;o;0.027885;0.132753;1.831094;3.221740;5.052835;3.326618;3.140290;11.680490;
0;32766;40000000;4000000;10;0.008192;3;0.000000;0.000255;8.624972;o;0.029231;0.096738;1.816111;2.295139;4.111251;2.258045;2.129298;8.624705;
0;32766;40000000;4000000;10;0.008192;4;0.000000;0.000283;6.885200;o;0.030257;0.073703;1.589947;1.808327;3.398275;1.695786;1.686736;6.884905;
0;32766;40000000;4000000;10;0.008192;5;0.000000;0.000554;5.873620;o;0.030647;0.059929;1.578690;1.509550;3.088241;1.350558;1.343475;5.873052;
0;32766;40000000;4000000;10;0.008192;6;0.000000;0.000301;5.040079;o;0.031375;0.050179;1.463087;1.252285;2.715373;1.119009;1.123635;5.039756;
0;32766;40000000;4000000;10;0.008192;7;0.000000;0.000338;4.481798;o;0.033064;0.043341;1.429046;1.133444;2.562492;0.940993;0.901373;4.481446;
0;32766;40000000;4000000;10;0.008192;8;0.000000;0.000311;4.085174;o;0.035038;0.038280;1.402644;0.984793;2.387438;0.805004;0.818884;4.084850;
0;32766;40000000;4000000;10;0.008192;9;0.000000;0.000517;3.765909;o;0.036890;0.033579;1.341598;0.893371;2.234970;0.726957;0.732696;3.765364;
0;32766;40000000;4000000;10;0.008192;10;0.000000;0.000327;3.549791;o;0.038017;0.031100;1.332262;0.814453;2.146740;0.670905;0.662390;3.549452;
0;32766;40000000;4000000;10;0.008192;11;0.000000;0.000316;3.302101;o;0.042021;0.028440;1.281855;0.681133;1.963012;0.665886;0.602065;3.301773;
0;32766;40000000;4000000;10;0.008192;12;0.000000;0.000573;3.160894;o;0.042739;0.026023;1.233590;0.584164;1.817765;0.724306;0.549137;3.160308;
0;32766;40000000;4000000;10;0.008192;1;0.000000;0.000238;14.941004;o;0.026315;0.261379;1.770815;4.498342;6.269158;4.267243;4.116625;14.940754;
0;32766;40000000;4000000;10;0.008192;2;0.000000;0.000462;11.811092;o;0.028120;0.133059;1.809201;3.230023;5.039225;3.373304;3.236804;11.810614;
0;32766;40000000;4000000;10;0.008192;3;0.000000;0.000437;8.865243;o;0.029585;0.094597;1.785560;2.386194;4.171755;2.366937;2.201779;8.864793;
0;32766;40000000;4000000;10;0.008192;4;0.000000;0.000498;6.879316;o;0.031540;0.073492;1.568345;1.812692;3.381038;1.708436;1.684165;6.878806;
0;32766;40000000;4000000;10;0.008192;5;0.000000;0.000530;5.836185;o;0.030560;0.059930;1.542737;1.514447;3.057185;1.342973;1.344835;5.835643;
0;32766;40000000;4000000;10;0.008192;6;0.000000;0.000476;5.064819;o;0.031696;0.050414;1.475400;1.273427;2.748829;1.112005;1.121131;5.064330;
0;32766;40000000;4000000;10;0.008192;7;0.000000;0.000440;4.586973;o;0.032857;0.042958;1.441748;1.138147;2.579897;0.970161;0.960380;4.586520;
0;32766;40000000;4000000;10;0.008192;8;0.000000;0.000509;4.082698;o;0.034229;0.038028;1.394878;0.987768;2.382658;0.793560;0.833423;4.082177;
0;32766;40000000;4000000;10;0.008192;9;0.000000;0.000511;3.799626;o;0.038208;0.033943;1.343186;0.934262;2.277448;0.718721;0.730467;3.799103;
0;32766;40000000;4000000;10;0.008192;10;0.000000;0.000486;3.526971;o;0.039519;0.031140;1.285416;0.838849;2.124267;0.654124;0.677100;3.526472;
0;32766;40000000;4000000;10;0.008192;11;0.000000;0.000293;3.334440;o;0.040374;0.028720;1.315836;0.709957;2.025798;0.632501;0.604989;3.334124;
0;32766;40000000;4000000;10;0.008192;12;0.000000;0.000602;3.158440;o;0.041966;0.026141;1.257384;0.625916;1.883307;0.661158;0.544934;3.157826;
0;32766;40000000;4000000;10;0.008192;1;0.000000;0.000374;14.954001;o;0.026482;0.261978;1.778832;4.505174;6.284008;4.265180;4.115934;14.953615;
0;32766;40000000;4000000;10;0.008192;2;0.000000;0.000432;11.733108;o;0.027769;0.133368;1.788960;3.234715;5.023677;3.377394;3.170335;11.732665;
0;32766;40000000;4000000;10;0.008192;3;0.000000;0.000314;8.803369;o;0.029232;0.096269;1.808373;2.329121;4.137496;2.325943;2.213993;8.803041;
0;32766;40000000;4000000;10;0.008192;4;0.000001;0.000507;6.904301;o;0.031094;0.073851;1.627228;1.799775;3.427004;1.693626;1.678048;6.903780;
0;32766;40000000;4000000;10;0.008192;5;0.000000;0.000508;5.853842;o;0.030550;0.059959;1.557516;1.497452;3.054970;1.363070;1.344601;5.853321;
0;32766;40000000;4000000;10;0.008192;6;0.000000;0.000323;5.061322;o;0.031399;0.050938;1.466202;1.258259;2.724463;1.113475;1.140493;5.060986;
0;32766;40000000;4000000;10;0.008192;7;0.000000;0.000288;4.555752;o;0.032951;0.043412;1.449173;1.125430;2.574605;0.963827;0.940441;4.555451;
0;32766;40000000;4000000;10;0.008192;8;0.000000;0.000508;4.114944;o;0.034551;0.038466;1.425606;0.989402;2.415010;0.808654;0.817507;4.114424;
0;32766;40000000;4000000;10;0.008192;9;0.000000;0.000327;3.777015;o;0.036822;0.034063;1.341334;0.904924;2.246259;0.721482;0.737771;3.776676;
0;32766;40000000;4000000;10;0.008192;10;0.000000;0.000870;3.531812;o;0.037782;0.031220;1.323678;0.833635;2.158818;0.644767;0.658083;3.530930;
0;32766;40000000;4000000;10;0.008192;11;0.000000;0.000292;3.323803;o;0.040350;0.028339;1.277509;0.728099;2.007103;0.646565;0.600716;3.323498;
0;32766;40000000;4000000;10;0.008192;12;0.000000;0.001121;3.148536;o;0.043170;0.026200;1.245765;0.624999;1.870785;0.655576;0.551301;3.147403;
0;32766;40000000;4000000;10;0.008192;1;0.000000;0.000355;14.975939;o;0.027189;0.261854;1.784550;4.516843;6.301395;4.248117;4.136984;14.975571;
0;32766;40000000;4000000;10;0.008192;2;0.000000;0.000258;11.708406;o;0.028056;0.134036;1.776047;3.233129;5.009178;3.374807;3.161939;11.708136;
0;32766;40000000;4000000;10;0.008192;3;0.000000;0.000259;8.637878;o;0.029130;0.096016;1.805396;2.318542;4.123939;2.244215;2.144176;8.637607;
0;32766;40000000;4000000;10;0.008192;4;0.000000;0.000258;6.912921;o;0.030389;0.073554;1.585762;1.808096;3.393860;1.718503;1.696191;6.912651;
0;32766;40000000;4000000;10;0.008192;5;0.000000;0.000266;5.810079;o;0.030429;0.060397;1.533941;1.500872;3.034814;1.356115;1.327852;5.809801;
0;32766;40000000;4000000;10;0.008192;6;0.000000;0.000296;5.129936;o;0.031117;0.050615;1.480654;1.291039;2.771695;1.111493;1.164511;5.129626;
0;32766;40000000;4000000;10;0.008192;7;0.000000;0.000304;4.554758;o;0.032798;0.043458;1.439669;1.122158;2.561829;0.976802;0.939349;4.554442;
0;32766;40000000;4000000;10;0.008192;8;0.000000;0.000490;4.060625;o;0.033740;0.038033;1.363953;0.973413;2.337367;0.834100;0.816644;4.060122;
0;32766;40000000;4000000;10;0.008192;9;0.000000;0.001639;3.762736;o;0.035666;0.034108;1.344369;0.885673;2.230043;0.731878;0.729057;3.761085;
0;32766;40000000;4000000;10;0.008192;10;0.000000;0.000506;3.519111;o;0.039263;0.030666;1.290240;0.825465;2.115728;0.659597;0.673001;3.518593;
0;32766;40000000;4000000;10;0.008192;11;0.000000;0.000347;3.263781;o;0.040896;0.028381;1.261787;0.659858;1.922352;0.680350;0.591080;3.263423;
0;32766;40000000;4000000;10;0.008192;12;0.000000;0.000371;3.170704;o;0.043615;0.026305;1.254609;0.631791;1.887914;0.668567;0.543529;3.170321;
0;32766;40000000;4000000;10;0.008192;1;0.000000;0.000259;14.959325;o;0.026933;0.261401;1.774209;4.507887;6.282097;4.269147;4.119440;14.959054;
0;32766;40000000;4000000;10;0.008192;2;0.000000;0.000455;11.862666;o;0.028288;0.132906;1.774728;3.247822;5.022551;3.422724;3.255624;11.862199;
0;32766;40000000;4000000;10;0.008192;3;0.000000;0.000512;8.633973;o;0.029896;0.096338;1.773606;2.320407;4.094015;2.244241;2.168761;8.633448;
0;32766;40000000;4000000;10;0.008192;4;0.000000;0.000264;6.832274;o;0.030609;0.073845;1.550560;1.814341;3.364903;1.687807;1.674708;6.831998;
0;32766;40000000;4000000;10;0.008192;5;0.000000;0.000287;5.782850;o;0.030509;0.060171;1.526068;1.501402;3.027471;1.328247;1.335942;5.782551;
0;32766;40000000;4000000;10;0.008192;6;0.000000;0.000303;5.065228;o;0.030731;0.050711;1.485646;1.262741;2.748389;1.126030;1.108873;5.064913;
0;32766;40000000;4000000;10;0.008192;7;0.000000;0.000426;4.481450;o;0.032200;0.043089;1.411700;1.111180;2.522882;0.962817;0.919800;4.481011;
0;32766;40000000;4000000;10;0.008192;8;0.000000;0.000520;4.083207;o;0.033590;0.037836;1.385756;1.007512;2.393269;0.802762;0.814999;4.082675;
0;32766;40000000;4000000;10;0.008192;9;0.000000;0.000508;3.761845;o;0.035651;0.034150;1.342363;0.884533;2.226898;0.735490;0.728784;3.761324;
0;32766;40000000;4000000;10;0.008192;10;0.000000;0.000290;3.540701;o;0.038989;0.031466;1.309393;0.841388;2.150799;0.650941;0.667950;3.540397;
0;32766;40000000;4000000;10;0.008192;11;0.000000;0.000355;3.321049;o;0.040796;0.028993;1.275464;0.725984;2.002954;0.642963;0.604607;3.320682;
0;32766;40000000;4000000;10;0.008192;12;0.000000;0.000338;3.154851;o;0.045285;0.026669;1.241359;0.628222;1.869603;0.668547;0.543907;3.154500;
