min;max;size;buckets;mean_elements_in_bucket;threads;time_allocate_sync;time_deallocate;time_all;error;0;0;0;0;0;0;0;0;
0;2147483647;4167000;4167000;1;515.354847;1;0.000000;0.000281;1.145285;o;0.027187;0.027111;0.416938;0.251521;0.668460;0.226156;0.196053;&lf;
0;2147483647;8334000;8334000;1;257.677423;2;0.000000;0.000723;1.505552;o;0.051064;0.027662;0.651207;0.310542;0.961750;0.238378;0.225890;&lf;
0;2147483647;12501000;12501000;1;171.784949;3;0.000000;0.001649;1.651727;o;0.079544;0.028721;0.686085;0.385616;1.071702;0.259018;0.210928;&lf;
0;2147483647;16668000;16668000;1;128.838712;4;0.000000;0.002712;1.813660;o;0.108898;0.030425;0.730433;0.463895;1.194330;0.252071;0.225071;&lf;
0;2147483647;20835000;20835000;1;103.070969;5;0.000000;0.004223;2.004555;o;0.147499;0.030921;0.775715;0.519280;1.294997;0.268987;0.257750;&lf;
0;2147483647;25002000;25002000;1;85.892474;6;0.000000;0.005941;2.229855;o;0.195019;0.031383;0.828029;0.556357;1.384387;0.307450;0.305425;&lf;
0;2147483647;29169000;29169000;1;73.622121;7;0.000000;0.009421;3.383159;o;0.227239;0.030289;1.193613;0.952583;2.146197;0.534159;0.432725;&lf;
0;2147483647;33336000;33336000;1;64.419356;8;0.000000;0.010464;3.683082;o;0.286743;0.031933;1.371639;1.123607;2.495247;0.494658;0.360847;&lf;
0;2147483647;37503000;37503000;1;57.261650;9;0.000000;0.013777;3.885193;o;0.362709;0.031162;1.491757;1.209200;2.700958;0.343203;0.430125;&lf;
0;2147483647;41670000;41670000;1;51.535485;10;0.000000;0.016973;3.989239;o;0.362266;0.030953;1.610219;1.241202;2.851423;0.360319;0.364075;&lf;
0;2147483647;45837000;45837000;1;46.850441;11;0.000000;0.023941;4.100823;o;0.399094;0.030747;1.633563;1.320832;2.954418;0.347663;0.341713;&lf;
0;2147483647;50004000;50004000;1;42.946237;12;0.000000;0.025147;5.283077;o;0.551879;0.049326;2.501845;1.380451;3.883751;0.378176;0.387113;&lf;
0;2147483647;4167000;4167000;1;515.354847;1;0.000000;0.000276;1.143661;o;0.026078;0.026819;0.416841;0.252191;0.669033;0.225964;0.195453;&lf;
0;2147483647;8334000;8334000;1;257.677423;2;0.000000;0.000856;1.502955;o;0.051406;0.027380;0.653271;0.310677;0.963949;0.240105;0.219175;&lf;
0;2147483647;12501000;12501000;1;171.784949;3;0.000000;0.001675;1.680379;o;0.079997;0.029027;0.703814;0.390268;1.094083;0.261083;0.214413;&lf;
0;2147483647;16668000;16668000;1;128.838712;4;0.000000;0.002850;1.842697;o;0.110781;0.030174;0.748794;0.466935;1.215731;0.254982;0.228026;&lf;
0;2147483647;20835000;20835000;1;103.070969;5;0.000000;0.004298;2.000888;o;0.146057;0.030513;0.789489;0.535168;1.324658;0.259341;0.235873;&lf;
0;2147483647;25002000;25002000;1;85.892474;6;0.000000;0.006096;2.172629;o;0.193777;0.030739;0.837986;0.604142;1.442129;0.263276;0.236360;&lf;
0;2147483647;29169000;29169000;1;73.622121;7;0.000000;0.008277;3.244565;o;0.251148;0.031586;1.192448;0.967801;2.160250;0.438682;0.350686;&lf;
0;2147483647;33336000;33336000;1;64.419356;8;0.000000;0.011036;3.561042;o;0.268555;0.030839;1.352065;1.104212;2.456278;0.429989;0.359725;&lf;
0;2147483647;37503000;37503000;1;57.261650;9;0.000000;0.015938;4.039287;o;0.354097;0.031309;1.508897;1.198792;2.718745;0.418571;0.494551;&lf;
0;2147483647;41670000;41670000;1;51.535485;10;0.000000;0.016897;3.944677;o;0.370052;0.030683;1.551422;1.246197;2.797621;0.365448;0.360733;&lf;
0;2147483647;45837000;45837000;1;46.850441;11;0.000000;0.023409;4.129872;o;0.386521;0.031351;1.642690;1.360880;3.005033;0.342169;0.336608;&lf;
0;2147483647;50004000;50004000;1;42.946237;12;0.000000;0.024986;4.497601;o;0.539707;0.031453;1.794747;1.410432;3.205180;0.362300;0.330644;&lf;
0;2147483647;4167000;4167000;1;515.354847;1;0.000000;0.000288;1.143121;o;0.025544;0.026612;0.417474;0.251190;0.668664;0.226273;0.195703;&lf;
0;2147483647;8334000;8334000;1;257.677423;2;0.000000;0.000731;1.506778;o;0.051134;0.027563;0.654414;0.312394;0.966809;0.239325;0.221135;&lf;
0;2147483647;12501000;12501000;1;171.784949;3;0.000000;0.001708;1.675805;o;0.079945;0.028801;0.704189;0.390049;1.094239;0.259199;0.211765;&lf;
0;2147483647;16668000;16668000;1;128.838712;4;0.000000;0.002765;1.846179;o;0.108215;0.030058;0.753267;0.462232;1.215501;0.258111;0.231402;&lf;
0;2147483647;20835000;20835000;1;103.070969;5;0.000000;0.004275;2.026945;o;0.148028;0.030891;0.795311;0.524167;1.319480;0.268201;0.254417;&lf;
0;2147483647;25002000;25002000;1;85.892474;6;0.000000;0.006147;2.178096;o;0.193735;0.030813;0.837720;0.592245;1.429966;0.268656;0.248533;&lf;
0;2147483647;29169000;29169000;1;73.622121;7;0.000000;0.010105;3.371705;o;0.263232;0.031369;1.350873;0.973351;2.324226;0.390449;0.336377;&lf;
0;2147483647;33336000;33336000;1;64.419356;8;0.000000;0.010768;3.596200;o;0.306090;0.030832;1.364702;1.090605;2.455308;0.454071;0.335944;&lf;
0;2147483647;37503000;37503000;1;57.261650;9;0.000000;0.015977;4.252060;o;0.415018;0.047601;1.560948;1.267142;2.829549;0.496806;0.436595;&lf;
0;2147483647;41670000;41670000;1;51.535485;10;0.000000;0.019643;4.436913;o;0.473601;0.030773;1.758446;1.252670;3.011121;0.421947;0.474996;&lf;
0;2147483647;45837000;45837000;1;46.850441;11;0.000000;0.023857;4.248747;o;0.411397;0.031224;1.667206;1.306200;2.985506;0.416698;0.375169;&lf;
0;2147483647;50004000;50004000;1;42.946237;12;0.000000;0.023948;5.687240;o;0.714078;0.049653;2.644775;1.514235;4.160487;0.357355;0.372459;&lf;
0;2147483647;4167000;4167000;1;515.354847;1;0.000000;0.000292;1.152214;o;0.026231;0.026620;0.417307;0.254778;0.672086;0.228432;0.198493;&lf;
0;2147483647;8334000;8334000;1;257.677423;2;0.000000;0.000863;1.495681;o;0.050704;0.027042;0.647364;0.311348;0.958713;0.238317;0.219947;&lf;
0;2147483647;12501000;12501000;1;171.784949;3;0.000000;0.001725;1.666336;o;0.081094;0.028992;0.689470;0.393065;1.082535;0.258974;0.212910;&lf;
0;2147483647;16668000;16668000;1;128.838712;4;0.000000;0.002635;1.816699;o;0.107973;0.030945;0.720720;0.468944;1.189665;0.256389;0.228905;&lf;
0;2147483647;20835000;20835000;1;103.070969;5;0.000000;0.004335;2.012744;o;0.148004;0.030669;0.776940;0.516858;1.293798;0.271940;0.263806;&lf;
0;2147483647;25002000;25002000;1;85.892474;6;0.000000;0.006007;2.216062;o;0.193183;0.031225;0.825349;0.551334;1.376684;0.308819;0.299924;&lf;
0;2147483647;29169000;29169000;1;73.622121;7;0.000000;0.008488;3.234260;o;0.230680;0.030789;1.224712;0.926230;2.150944;0.438869;0.371363;&lf;
0;2147483647;33336000;33336000;1;64.419356;8;0.000000;0.011295;3.583036;o;0.261845;0.030785;1.374241;1.131953;2.506196;0.426955;0.342810;&lf;
0;2147483647;37503000;37503000;1;57.261650;9;0.000000;0.014819;3.870678;o;0.293424;0.031027;1.497410;1.252399;2.749810;0.345783;0.432624;&lf;
0;2147483647;41670000;41670000;1;51.535485;10;0.000000;0.019666;3.878868;o;0.337587;0.031119;1.547650;1.224905;2.772556;0.367247;0.347394;&lf;
0;2147483647;45837000;45837000;1;46.850441;11;0.000000;0.021721;4.120585;o;0.374689;0.030725;1.683239;1.346249;3.029489;0.334203;0.326550;&lf;
0;2147483647;50004000;50004000;1;42.946237;12;0.000000;0.025732;4.329767;o;0.414204;0.030737;1.765591;1.416390;3.181982;0.344581;0.329324;&lf;
0;2147483647;4167000;4167000;1;515.354847;1;0.000000;0.000267;1.146774;o;0.025792;0.028277;0.418350;0.250880;0.669231;0.226343;0.196826;&lf;
0;2147483647;8334000;8334000;1;257.677423;2;0.000000;0.000886;1.491249;o;0.050730;0.027149;0.643660;0.310226;0.953887;0.238413;0.220077;&lf;
0;2147483647;12501000;12501000;1;171.784949;3;0.000000;0.001536;1.672292;o;0.080134;0.029285;0.702313;0.389740;1.092054;0.258675;0.210430;&lf;
0;2147483647;16668000;16668000;1;128.838712;4;0.000000;0.002780;1.868424;o;0.108942;0.029766;0.748884;0.447114;1.195999;0.270298;0.260504;&lf;
0;2147483647;20835000;20835000;1;103.070969;5;0.000000;0.004311;2.003338;o;0.147806;0.031168;0.791693;0.533849;1.325543;0.258719;0.235585;&lf;
0;2147483647;25002000;25002000;1;85.892474;6;0.000000;0.006117;2.183348;o;0.195050;0.030891;0.836873;0.578131;1.415005;0.275405;0.260643;&lf;
0;2147483647;29169000;29169000;1;73.622121;7;0.000000;0.008301;3.260870;o;0.228183;0.031168;1.220125;0.940264;2.160391;0.496100;0.332109;&lf;
0;2147483647;33336000;33336000;1;64.419356;8;0.000000;0.011865;3.942897;o;0.368778;0.050276;1.662185;1.010246;2.673949;0.380631;0.449767;&lf;
0;2147483647;37503000;37503000;1;57.261650;9;0.000000;0.013531;4.224212;o;0.375505;0.030523;1.483602;1.260491;2.744094;0.518881;0.534050;&lf;
0;2147483647;41670000;41670000;1;51.535485;10;0.000000;0.016647;4.343640;o;0.441732;0.030778;1.658245;1.320042;2.978289;0.378493;0.492940;&lf;
0;2147483647;45837000;45837000;1;46.850441;11;0.000000;0.022607;4.158944;o;0.399156;0.030592;1.665970;1.318864;2.984859;0.361804;0.356622;&lf;
0;2147483647;50004000;50004000;1;42.946237;12;0.000000;0.023319;5.816882;o;0.755368;0.040286;2.655526;1.585686;4.242928;0.381931;0.352438;&lf;
