min;max;size;buckets;mean_elements_in_bucket;threads;time_allocate_sync;time_deallocate;time_all;error;
0;0;0;0;0;0;0;0;0;0;
0;2147483647;10000000;5000000;2;1;0.000000;0.000257;3.730785;s;
0.021814;0.058050;1.279080;0.749468;2.028549;0.976730;0.645367;
min;max;size;buckets;mean_elements_in_bucket;threads;time_allocate_sync;time_deallocate;time_all;error;
0;0;0;0;0;0;0;0;0;0;
0;2147483647;10000000;10000000;1;1;0.000000;0.000443;3.610783;o;
0.069450;0.063344;1.322154;0.798681;2.120836;0.723631;0.632973;
0;2147483647;10000000;5000000;2;1;0.000000;0.000173;3.795811;o;
0.027268;0.076654;1.289958;0.742869;2.032828;1.004911;0.653848;
0;2147483647;10000000;3333334;3;1;0.000000;0.000161;4.758294;o;
0.016973;0.061574;1.254988;0.924541;2.179530;1.642355;0.857620;
0;2147483647;10000000;2500000;4;1;0.000000;0.000164;4.721343;o;
0.013403;0.066499;1.335651;1.021683;2.357335;1.467351;0.816522;
0;2147483647;10000000;2000000;5;1;0.000001;0.000189;4.725708;o;
0.011413;0.069914;1.312935;0.896327;2.209264;1.585967;0.848803;
0;2147483647;10000000;1666667;6;1;0.000000;0.000127;4.570838;o;
0.007784;0.060956;1.260041;0.887819;2.147861;1.481662;0.872366;
0;2147483647;10000000;1428572;7;1;0.000001;0.000233;4.861641;o;
0.006790;0.063706;1.205698;0.989183;2.194883;1.603379;0.992558;
0;2147483647;10000000;1250000;8;1;0.000000;0.000084;5.236150;o;
0.005680;0.066883;1.168620;1.166886;2.335507;1.539736;1.288157;
0;2147483647;10000000;1111112;9;1;0.000000;0.000089;5.605560;o;
0.004485;0.076472;1.187356;1.239341;2.426698;1.683163;1.414569;
0;2147483647;10000000;1000000;10;1;0.000000;0.000174;5.535167;o;
0.005394;0.105625;1.348316;1.238671;2.586987;1.556805;1.280086;
0;2147483647;10000000;909091;11;1;0.000000;0.000129;5.287539;o;
0.004146;0.062192;1.115862;1.246736;2.362600;1.552865;1.305542;
0;2147483647;10000000;833334;12;1;0.000000;0.000055;5.416049;o;
0.003311;0.064589;1.144318;1.285026;2.429346;1.593317;1.325367;
0;2147483647;10000000;769231;13;1;0.000000;0.000200;5.349503;o;
0.004182;0.060994;1.104834;1.264267;2.369102;1.583642;1.331313;
0;2147483647;10000000;714286;14;1;0.000001;0.000141;5.360807;o;
0.004801;0.060562;1.076222;1.318236;2.394458;1.577040;1.323658;
0;2147483647;10000000;666667;15;1;0.000001;0.000119;5.388277;o;
0.003233;0.064445;1.058906;1.318054;2.376961;1.593744;1.349678;
0;2147483647;10000000;625000;16;1;0.000000;0.000160;5.390861;o;
0.004728;0.062038;1.051619;1.328174;2.379794;1.593121;1.350952;
0;2147483647;10000000;588236;17;1;0.000000;0.000063;5.336316;o;
0.002593;0.064252;1.020283;1.310789;2.331073;1.597360;1.340879;
0;2147483647;10000000;555556;18;1;0.000000;0.000132;5.422831;o;
0.002915;0.064077;1.030429;1.315898;2.346328;1.655147;1.354140;
0;2147483647;10000000;526316;19;1;0.000000;0.000115;5.399582;o;
0.003492;0.067262;1.028972;1.312361;2.341334;1.610784;1.376487;
0;2147483647;10000000;500000;20;1;0.000000;0.000168;5.534737;o;
0.002892;0.062136;0.987374;1.325541;2.312917;1.792324;1.364207;
0;2147483647;10000000;476191;21;1;0.000000;0.000070;5.382799;o;
0.001993;0.062710;0.953296;1.353165;2.306462;1.624015;1.387473;
0;2147483647;10000000;454546;22;1;0.000000;0.000074;5.326790;o;
0.001956;0.060685;0.928689;1.337123;2.265813;1.639076;1.359121;
0;2147483647;10000000;434783;23;1;0.000000;0.000165;5.405073;o;
0.004512;0.062948;0.940232;1.344030;2.284263;1.689685;1.363420;
0;2147483647;10000000;416667;24;1;0.000000;0.000040;5.362431;o;
0.001763;0.066099;0.919603;1.338947;2.258551;1.676247;1.359659;
0;2147483647;10000000;400000;25;1;0.000000;0.000115;5.335369;o;
0.002049;0.071076;0.894261;1.322148;2.216411;1.683425;1.362226;
0;2147483647;10000000;384616;26;1;0.000000;0.000110;5.311161;o;
0.002181;0.060424;0.879721;1.348843;2.228565;1.666069;1.353737;
0;2147483647;10000000;370371;27;1;0.000000;0.000084;5.943885;o;
0.003540;0.066780;0.881566;1.346008;2.227575;1.721471;1.924355;
0;2147483647;10000000;357143;28;1;0.000000;0.000093;6.548319;o;
0.001815;0.056127;1.029886;2.003245;3.033131;1.942015;1.515039;
0;2147483647;10000000;344828;29;1;0.000000;0.000252;6.569946;o;
0.002160;0.059207;1.200035;1.929451;3.129487;1.787164;1.591567;
0;2147483647;10000000;333334;30;1;0.000001;0.000058;5.484104;o;
0.001451;0.066339;0.842490;1.416865;2.259356;1.710033;1.446779;
0;2147483647;10000000;322581;31;1;0.000000;0.000128;5.982491;o;
0.001433;0.058963;0.963936;1.600306;2.564243;1.765155;1.592431;
0;2147483647;10000000;312500;32;1;0.000001;0.000218;6.776539;o;
0.001937;0.059997;0.958362;1.457874;2.416237;2.040397;2.257637;
0;2147483647;10000000;303031;33;1;0.000000;0.000159;5.962121;o;
0.002353;0.060862;1.186721;1.484277;2.671000;1.808197;1.419481;
0;2147483647;10000000;294118;34;1;0.000000;0.000126;5.737977;o;
0.002060;0.058203;0.939906;1.430990;2.370896;1.867113;1.439422;
0;2147483647;10000000;285715;35;1;0.000001;0.000104;5.726958;o;
0.002218;0.061398;0.826879;1.397702;2.224583;1.798477;1.640069;
0;2147483647;10000000;277778;36;1;0.000000;0.000135;7.268204;o;
0.002104;0.063140;0.957324;2.696236;3.653561;2.022405;1.526768;
0;2147483647;10000000;270271;37;1;0.000000;0.000156;7.268132;o;
0.001782;0.058719;0.854058;2.334585;3.188643;2.412181;1.606578;
0;2147483647;10000000;263158;38;1;0.000000;0.000115;7.173064;o;
0.001590;0.095712;1.184902;2.134985;3.319887;2.150373;1.605298;
0;2147483647;10000000;256411;39;1;0.000000;0.000087;5.369349;o;
0.001616;0.065150;0.781083;1.363361;2.144445;1.785130;1.372791;
min;max;size;buckets;mean_elements_in_bucket;threads;time_allocate_sync;time_deallocate;time_all;error;
0;0;0;0;0;0;0;0;0;0;
0;2147483647;10000000;10000000;1;214.748365;1;0.000000;0.000418;4.092706;o;
0.064320;0.063664;1.350675;0.849401;2.200077;1.022317;0.741892;
min;max;size;buckets;mean_elements_in_bucket;threads;time_allocate_sync;time_deallocate;time_all;error;
0;0;0;0;0;0;0;0;0;0;
0;2147483647;100000000;100000000;1;21.474836;1;0.000000;0.008356;56.105336;o;
0.715877;0.642241;18.235572;12.713800;30.949375;10.478195;13.311270;
0;2147483647;100000000;50000000;2;42.949673;1;0.000000;0.002640;62.791850;o;
0.328975;1.106435;22.177374;12.579239;34.756614;14.727266;11.869889;
0;2147483647;100000000;33333334;3;64.424508;1;0.000000;0.001257;65.903007;o;
0.834316;0.732243;17.887507;14.037838;31.925347;20.265408;12.144416;
0;2147483647;100000000;25000000;4;85.899346;1;0.000000;0.000929;68.821636;o;
0.663264;0.750444;17.296449;14.502080;31.798530;23.460050;12.148394;
0;2147483647;100000000;20000000;5;107.374182;1;0.000000;0.000812;69.419268;o;
0.619868;0.713695;14.973806;14.912881;29.886689;25.008062;13.190078;
0;2147483647;100000000;16666667;6;128.849016;1;0.000001;0.000703;67.503654;o;
0.579930;0.647514;13.973542;13.863513;27.837056;24.561348;13.877079;
0;2147483647;100000000;14285714;7;150.323858;1;0.000000;0.000752;69.241850;o;
0.645453;0.741194;14.486514;14.412529;28.899044;25.144722;13.810663;
0;2147483647;100000000;12500000;8;171.798692;1;0.000000;0.000536;69.911694;o;
0.540324;0.676972;13.504148;14.722485;28.226634;25.723926;14.743260;
0;2147483647;100000000;11111111;9;193.273530;1;0.000001;0.000495;77.366468;o;
0.486888;0.780900;14.034060;19.885282;33.919343;26.938243;15.240446;
0;2147483647;100000000;10000000;10;214.748365;1;0.000000;0.000416;82.477697;o;
0.047331;1.024033;14.426087;20.615753;35.041841;27.251018;19.113032;
0;2147483647;100000000;9090909;11;236.223204;1;0.000000;0.000511;85.625341;o;
0.060516;0.987710;13.607618;21.722529;35.330149;27.033233;22.213195;
0;2147483647;100000000;8333334;12;257.698017;1;0.000000;0.000328;85.493920;o;
0.041969;0.887506;13.205321;21.990994;35.196317;27.270071;22.097708;
0;2147483647;100000000;7692308;13;279.172863;1;0.000000;0.000482;89.192106;o;
0.035954;0.764820;15.150380;23.118024;38.268405;27.063026;23.059392;
0;2147483647;100000000;7142857;14;300.647717;1;0.000000;0.000272;83.987509;o;
0.031609;0.712961;13.021453;22.313612;35.335065;26.127265;21.780310;
0;2147483647;100000000;6666667;15;322.122531;1;0.000000;0.000364;87.203353;o;
0.029558;0.637332;13.134790;22.500289;35.635080;27.934454;22.966541;
0;2147483647;100000000;6250000;16;343.597384;1;0.000000;0.000319;89.848799;o;
0.028090;0.720802;13.458796;23.810106;37.268903;27.907248;23.923416;
0;2147483647;100000000;5882353;17;365.072216;1;0.000000;0.000342;87.662067;o;
0.035325;0.698812;13.289573;24.475931;37.765506;26.442749;22.719308;
0;2147483647;100000000;5555556;18;386.547026;1;0.000000;0.000299;85.263489;o;
0.025008;0.613412;12.872864;23.068280;35.941145;26.198296;22.485302;
0;2147483647;100000000;5263158;19;408.021885;1;0.000000;0.000337;86.615003;o;
0.023236;0.716426;13.547327;23.603986;37.151314;26.065356;22.658305;
0;2147483647;100000000;5000000;20;429.496729;1;0.000000;0.000259;86.771683;o;
0.023527;0.688788;12.779561;22.875480;35.655042;26.775818;23.628227;
0;2147483647;100000000;4761905;21;450.971543;1;0.000000;0.000206;89.888717;o;
0.025498;0.798355;13.688146;24.234532;37.922679;26.405315;24.736638;
0;2147483647;100000000;4545455;22;472.446355;1;0.000000;0.000227;87.875648;o;
0.024492;0.688219;12.825906;23.327804;36.153711;27.499186;23.509791;
0;2147483647;100000000;4347826;23;493.921249;1;0.000000;0.000237;85.736281;o;
0.033259;0.660536;12.673397;23.026543;35.699941;26.374961;22.967323;
0;2147483647;100000000;4166667;24;515.396034;1;0.000000;0.000314;88.756855;o;
0.023585;0.699537;13.095489;23.514230;36.609720;27.159266;24.264368;
0;2147483647;100000000;4000000;25;536.870912;1;0.000000;0.000323;89.691289;o;
0.022648;0.740419;13.560276;24.576153;38.136430;26.760789;24.030657;
0;2147483647;100000000;3846154;26;558.345726;1;0.000000;0.000261;87.629825;o;
0.039649;0.695285;12.636843;23.527771;36.164616;27.678143;23.051849;
0;2147483647;100000000;3703704;27;579.820538;1;0.000000;0.000175;87.286898;o;
0.020563;0.692961;12.756197;23.460165;36.216364;27.181020;23.175781;
0;2147483647;100000000;3571429;28;601.295349;1;0.000000;0.000141;87.529522;o;
0.018518;0.666064;12.855205;23.486365;36.341571;26.841092;23.662097;
0;2147483647;100000000;3448276;29;622.770233;1;0.000000;0.000165;87.099777;o;
0.017062;0.690688;12.467832;23.680094;36.147928;26.646608;23.597303;
0;2147483647;100000000;3333334;30;644.244965;1;0.000000;0.000581;91.135133;o;
0.016814;0.701345;12.604744;23.710354;36.315099;29.157426;24.943817;
0;2147483647;100000000;3225807;31;665.719817;1;0.000000;0.000600;92.297341;o;
0.019827;0.753335;13.265442;24.930808;38.196252;28.211624;25.115673;
0;2147483647;100000000;3125000;32;687.194767;1;0.000000;0.000209;91.530958;o;
0.014551;0.676493;13.401082;25.820681;39.221764;27.761075;23.856798;
0;2147483647;100000000;3030303;33;708.669611;1;0.000000;0.000212;89.184174;o;
0.015284;0.691644;12.997460;24.032066;37.029528;27.461196;23.986284;
0;2147483647;100000000;2941177;34;730.144309;1;0.000000;0.000154;89.704326;o;
0.013960;0.723499;12.412991;24.270594;36.683586;27.980099;24.303000;
0;2147483647;100000000;2857143;35;751.619239;1;0.000002;0.000205;92.301316;o;
0.013806;0.652414;12.727098;24.317188;37.044288;30.163615;24.426963;
