min;max;size;buckets;mean_elements_in_bucket;threads;time_allocate_sync;time_deallocate;time_all;error;
0;0;0;0;0;0;0;0;0;0;
0;2147483647;1000000;1000000;1;2147.483647;1;0.000000;0.000194;0.242829;o;0.007637;0.007599;0.080295;0.054428;0.134725;0.049092;0.043542;0.242622;
0;2147483647;1000000;500000;2;4294.967294;1;0.000000;0.000219;0.225421;o;0.004030;0.006387;0.065924;0.046531;0.112455;0.061211;0.041066;0.225177;
0;2147483647;1000000;333334;3;6442.438056;1;0.000000;0.000156;0.221616;o;0.002300;0.006578;0.050095;0.048001;0.098097;0.070918;0.043528;0.221449;
0;2147483647;1000000;250000;4;8589.934588;1;0.000000;0.000174;0.226525;o;0.001684;0.007395;0.046300;0.047748;0.094049;0.076418;0.046768;0.226341;
0;2147483647;1000000;200000;5;10737.418235;1;0.000000;0.000167;0.237381;o;0.001484;0.006342;0.046100;0.050637;0.096738;0.082216;0.050395;0.237203;
0;2147483647;1000000;166667;6;12884.876112;1;0.000000;0.000263;0.242347;o;0.001802;0.006561;0.047427;0.051879;0.099309;0.080329;0.054046;0.242073;
0;2147483647;1000000;142858;7;15032.295335;1;0.000000;0.000242;0.277392;o;0.001299;0.006549;0.046545;0.074538;0.121083;0.090396;0.057787;0.277140;
0;2147483647;1000000;125000;8;17179.869176;1;0.000000;0.000184;0.259183;o;0.001214;0.007745;0.046811;0.059379;0.106193;0.081252;0.062560;0.258989;
0;2147483647;1000000;111112;9;19327.198205;1;0.000000;0.000179;0.268688;o;0.001131;0.007170;0.046507;0.064596;0.111105;0.082291;0.066775;0.268498;
0;2147483647;1000000;100000;10;21474.836470;1;0.000000;0.000146;0.270459;o;0.001027;0.007146;0.046322;0.065685;0.112007;0.082444;0.067653;0.270302;
0;2147483647;1000000;90910;11;23622.083896;1;0.000000;0.000141;0.272948;o;0.000900;0.006829;0.046224;0.066865;0.113091;0.083017;0.068931;0.272796;
0;2147483647;1000000;83334;12;25769.597607;1;0.000000;0.000145;0.274039;o;0.001067;0.006804;0.045870;0.067613;0.113484;0.082716;0.069786;0.273883;
0;2147483647;1000000;76924;13;27916.952408;1;0.000000;0.000121;0.276455;o;0.000758;0.006762;0.046078;0.068781;0.114860;0.083144;0.070773;0.276324;
0;2147483647;1000000;71429;14;30064.590670;1;0.000000;0.000112;0.283568;o;0.000677;0.006810;0.045419;0.069857;0.115277;0.087622;0.073035;0.283445;
0;2147483647;1000000;66667;15;32212.093645;1;0.000000;0.000114;0.280618;o;0.000676;0.006965;0.045884;0.070310;0.116194;0.084591;0.072038;0.280493;
0;2147483647;1000000;62500;16;34359.738352;1;0.000000;0.000103;0.280697;o;0.000610;0.006715;0.045390;0.070782;0.116174;0.084764;0.072292;0.280583;
0;2147483647;1000000;58824;17;36506.929944;1;0.000000;0.000101;0.282286;o;0.000564;0.006742;0.045855;0.070650;0.116506;0.086013;0.072323;0.282174;
0;2147483647;1000000;55556;18;38654.396411;1;0.000000;0.000102;0.284142;o;0.000550;0.006696;0.045363;0.070635;0.115999;0.086665;0.074077;0.284026;
0;2147483647;1000000;52632;19;40801.862878;1;0.000000;0.000095;0.285224;o;0.000505;0.006749;0.045314;0.071546;0.116861;0.087426;0.073549;0.285118;
0;2147483647;1000000;50000;20;42949.672940;1;0.000000;0.000093;0.285132;o;0.000479;0.006732;0.045215;0.071521;0.116737;0.088147;0.072907;0.285028;
0;2147483647;1000000;47620;21;45096.254662;1;0.000000;0.000088;0.294029;o;0.000429;0.006762;0.045549;0.071457;0.117007;0.091939;0.077768;0.293930;
0;2147483647;1000000;45455;22;47244.167792;1;0.000000;0.000087;0.289487;o;0.000410;0.006737;0.044714;0.071514;0.116230;0.093573;0.072415;0.289389;
0;2147483647;1000000;43479;23;49391.284229;1;0.000000;0.000084;0.286541;o;0.000384;0.006616;0.045031;0.071039;0.116072;0.090159;0.073188;0.286446;
0;2147483647;1000000;41667;24;51539.195214;1;0.000000;0.000080;0.292621;o;0.000350;0.006734;0.044823;0.073276;0.118101;0.094122;0.073198;0.292531;
0;2147483647;1000000;40000;25;53687.091175;1;0.000000;0.000077;0.298476;o;0.000338;0.006739;0.044986;0.071974;0.116961;0.092317;0.082008;0.298389;
0;2147483647;1000000;38462;26;55833.904815;1;0.000000;0.000074;0.364749;o;0.000437;0.007643;0.051045;0.097468;0.148514;0.115725;0.092312;0.364662;
0;2147483647;1000000;37038;27;57980.550975;1;0.000000;0.000077;0.362544;o;0.000398;0.007565;0.045876;0.091704;0.137581;0.123392;0.093489;0.362455;
0;2147483647;1000000;35715;28;60128.339549;1;0.000000;0.000079;0.362341;o;0.000389;0.007563;0.049422;0.099125;0.148548;0.115643;0.090051;0.362251;
0;2147483647;1000000;34483;29;62276.589827;1;0.000000;0.000072;0.375366;o;0.000362;0.007341;0.045914;0.100751;0.146666;0.120531;0.100355;0.375282;
0;2147483647;1000000;33334;30;64423.220946;1;0.000000;0.000080;0.387086;o;0.000308;0.006951;0.045035;0.100201;0.145237;0.134838;0.099634;0.386995;
0;2147483647;1000000;32259;31;66570.062525;1;0.000000;0.000099;0.386981;o;0.000391;0.008065;0.050409;0.107615;0.158026;0.123680;0.096674;0.386868;
0;2147483647;1000000;31250;32;68719.476704;1;0.000000;0.000071;0.395410;o;0.000294;0.006942;0.046249;0.103314;0.149564;0.134682;0.103817;0.395327;
0;2147483647;1000000;30304;33;70864.692681;1;0.000000;0.000087;0.402167;o;0.000364;0.007817;0.051898;0.103092;0.154992;0.135726;0.103128;0.402068;
0;2147483647;1000000;29412;34;73013.859887;1;0.000000;0.000073;0.401746;o;0.000323;0.007950;0.050641;0.103267;0.153909;0.136535;0.102912;0.401660;
0;2147483647;1000000;28572;35;75160.424437;1;0.000000;0.000068;0.400561;o;0.000338;0.007915;0.050597;0.102065;0.152664;0.137368;0.102162;0.400479;
0;2147483647;1000000;27778;36;77308.792822;1;0.000000;0.000077;0.401733;o;0.000317;0.008030;0.050075;0.102707;0.152783;0.137720;0.102761;0.401641;
0;2147483647;1000000;27028;37;79454.034594;1;0.000000;0.000072;0.399835;o;0.000352;0.007881;0.050489;0.101690;0.152180;0.138018;0.101288;0.399749;
0;2147483647;1000000;26316;38;81603.725756;1;0.000000;0.000063;0.397150;o;0.000269;0.007946;0.050411;0.100566;0.150978;0.138414;0.099437;0.397074;
0;2147483647;1000000;25642;39;83748.679783;1;0.000000;0.000066;0.389269;o;0.000332;0.007926;0.050355;0.098543;0.148901;0.136074;0.095915;0.389188;
0;2147483647;1000000;25000;40;85899.345880;1;0.000000;0.000061;0.363183;o;0.000280;0.007925;0.049472;0.091783;0.141256;0.127021;0.086597;0.363109;
0;2147483647;1000000;24391;41;88044.100160;1;0.000000;0.000055;0.339295;o;0.000264;0.007501;0.046459;0.080656;0.127116;0.118525;0.085795;0.339228;
0;2147483647;1000000;23810;42;90192.509324;1;0.000000;0.000056;0.353206;o;0.000238;0.007311;0.045396;0.083921;0.129318;0.127316;0.088926;0.353138;
0;2147483647;1000000;23256;43;92341.058093;1;0.000000;0.000061;0.356077;o;0.000202;0.006971;0.043658;0.083813;0.127473;0.129658;0.091676;0.356005;
0;2147483647;1000000;22728;44;94486.256908;1;0.000000;0.000056;0.365631;o;0.000217;0.007696;0.046695;0.090609;0.137305;0.132860;0.087455;0.365563;
0;2147483647;1000000;22223;45;96633.381947;1;0.000000;0.000057;0.365278;o;0.000231;0.007765;0.046395;0.091107;0.137503;0.129634;0.090044;0.365208;
0;2147483647;1000000;21740;46;98780.296550;1;0.000000;0.000055;0.365893;o;0.000208;0.007758;0.046936;0.087783;0.134720;0.132823;0.090290;0.365827;
0;2147483647;1000000;21277;47;100929.813743;1;0.000000;0.000055;0.366110;o;0.000205;0.007684;0.046073;0.089609;0.135683;0.133526;0.088918;0.366043;
0;2147483647;1000000;20834;48;103075.916627;1;0.000000;0.000061;0.369543;o;0.000200;0.007818;0.046353;0.091125;0.137479;0.133144;0.090799;0.369470;
0;2147483647;1000000;20409;49;105222.384585;1;0.000000;0.000049;0.381893;o;0.000215;0.007702;0.046779;0.099739;0.146520;0.142803;0.084545;0.381831;
0;2147483647;1000000;20000;50;107374.182350;1;0.000000;0.000058;0.402654;o;0.000247;0.007480;0.043677;0.095405;0.139084;0.152469;0.103275;0.402583;
0;2147483647;1000000;19608;51;109520.789831;1;0.000000;0.000056;0.413953;o;0.000217;0.007745;0.048122;0.101999;0.150122;0.153070;0.102700;0.413884;
0;2147483647;1000000;19231;52;111667.809630;1;0.000000;0.000049;0.416074;o;0.000236;0.008667;0.047751;0.102257;0.150009;0.154632;0.102436;0.416011;
0;2147483647;1000000;18868;53;113816.178026;1;0.000000;0.000072;0.418350;o;0.000223;0.008118;0.047810;0.102956;0.150768;0.156407;0.102689;0.418264;
0;2147483647;1000000;18519;54;115961.101949;1;0.000000;0.000054;0.416419;o;0.000203;0.008103;0.047801;0.102201;0.150004;0.155960;0.102052;0.416352;
0;2147483647;1000000;18182;55;118110.419481;1;0.000000;0.000060;0.416331;o;0.000182;0.007991;0.048094;0.101021;0.149115;0.157816;0.101125;0.416257;
0;2147483647;1000000;17858;56;120253.312073;1;0.000000;0.000050;0.412611;o;0.000204;0.007927;0.048234;0.100561;0.148797;0.156851;0.098736;0.412546;
0;2147483647;1000000;17544;57;122405.588634;1;0.000000;0.000048;0.402970;o;0.000199;0.008183;0.047952;0.097784;0.145737;0.154103;0.094656;0.402907;
0;2147483647;1000000;17242;58;124549.567742;1;0.000000;0.000052;0.374457;o;0.000186;0.007896;0.047813;0.090723;0.138537;0.143626;0.084117;0.374392;
0;2147483647;1000000;16950;59;126695.200413;1;0.000000;0.000049;0.361299;o;0.000149;0.007403;0.044815;0.082540;0.127357;0.139199;0.087102;0.361238;
0;2147483647;1000000;16667;60;128846.441891;1;0.000000;0.000051;0.364906;o;0.000151;0.006869;0.042972;0.090135;0.133108;0.142360;0.082329;0.364844;
0;2147483647;1000000;16394;61;130992.048737;1;0.000000;0.000047;0.384193;o;0.000137;0.007165;0.044580;0.090722;0.135302;0.150674;0.090828;0.384135;
0;2147483647;1000000;16130;62;133135.997954;1;0.000000;0.000060;0.386019;o;0.000148;0.007664;0.045663;0.093126;0.138791;0.149050;0.090262;0.385946;
0;2147483647;1000000;15874;63;135283.082210;1;0.000000;0.000050;0.381205;o;0.000151;0.007690;0.045440;0.087961;0.133401;0.152719;0.087150;0.381143;
0;2147483647;1000000;15625;64;137438.953408;1;0.000000;0.000045;0.385779;o;0.000165;0.007999;0.045427;0.090594;0.136022;0.151382;0.090122;0.385720;
0;2147483647;1000000;15385;65;139582.947481;1;0.000000;0.000050;0.384027;o;0.000163;0.007803;0.045400;0.086900;0.132301;0.154238;0.089412;0.383964;
0;2147483647;1000000;15152;66;141729.385362;1;0.000000;0.000044;0.394628;o;0.000163;0.008254;0.045696;0.089676;0.135373;0.162162;0.088590;0.394573;
0;2147483647;1000000;14926;67;143875.361584;1;0.000000;0.000056;0.407397;o;0.000139;0.007672;0.045208;0.092329;0.137538;0.159473;0.102477;0.407328;
0;2147483647;1000000;14706;68;146027.719774;1;0.000000;0.000047;0.365060;o;0.000124;0.007337;0.043267;0.087402;0.130669;0.143707;0.083131;0.365000;
0;2147483647;1000000;14493;69;148173.852688;1;0.000000;0.000043;0.342556;o;0.000116;0.006636;0.042398;0.072615;0.115015;0.139789;0.080920;0.342503;
0;2147483647;1000000;14286;70;150320.848873;1;0.000000;0.000043;0.349843;o;0.000113;0.007238;0.042913;0.075661;0.118575;0.143216;0.080617;0.349788;
0;2147483647;1000000;14085;71;152466.002627;1;0.000000;0.000046;0.353124;o;0.000120;0.006766;0.042050;0.082072;0.124124;0.146602;0.075426;0.353066;
0;2147483647;1000000;13889;72;154617.585643;1;0.000000;0.000041;0.362706;o;0.000116;0.006689;0.041891;0.076172;0.118064;0.153284;0.084471;0.362654;
0;2147483647;1000000;13699;73;156762.073655;1;0.000000;0.000046;0.365697;o;0.000114;0.006697;0.042649;0.084340;0.126989;0.155627;0.076185;0.365639;
0;2147483647;1000000;13514;74;158908.069188;1;0.000000;0.000045;0.366384;o;0.000106;0.007097;0.042242;0.086587;0.128830;0.147443;0.082823;0.366328;
0;2147483647;1000000;13334;75;161053.220864;1;0.000000;0.000042;0.340809;o;0.000104;0.006871;0.042089;0.072462;0.114553;0.143262;0.075937;0.340756;
0;2147483647;1000000;13158;76;163207.451512;1;0.000000;0.000044;0.336001;o;0.000102;0.007437;0.041947;0.071334;0.113282;0.141843;0.073259;0.335947;
0;2147483647;1000000;12988;77;165343.674700;1;0.000000;0.000042;0.362115;o;0.000101;0.006944;0.041998;0.071548;0.113548;0.153457;0.087988;0.362063;
0;2147483647;1000000;12821;78;167497.359566;1;0.000000;0.000052;0.367292;o;0.000102;0.007252;0.042919;0.078527;0.121449;0.152881;0.085517;0.367228;
0;2147483647;1000000;12659;79;169640.860021;1;0.000000;0.000045;0.357419;o;0.000119;0.006749;0.041974;0.078373;0.120348;0.155578;0.074544;0.357364;
0;2147483647;1000000;12500;80;171798.691760;1;0.000000;0.000042;0.340917;o;0.000095;0.006677;0.041680;0.071169;0.112851;0.147720;0.073494;0.340863;
0;2147483647;1000000;12346;81;173941.652924;1;0.000000;0.000041;0.369177;o;0.000096;0.007484;0.042369;0.071359;0.113730;0.156948;0.090842;0.369126;
0;2147483647;1000000;12196;82;176080.981223;1;0.000000;0.000042;0.416242;o;0.000095;0.007819;0.042129;0.093681;0.135811;0.177135;0.095302;0.416189;
0;2147483647;1000000;12049;83;178229.201345;1;0.000000;0.000043;0.425348;o;0.000143;0.007330;0.043006;0.094993;0.138000;0.178971;0.100821;0.425293;
0;2147483647;1000000;11905;84;180385.018648;1;0.000000;0.000051;0.398154;o;0.000126;0.007463;0.044275;0.093983;0.138260;0.179414;0.072798;0.398091;
0;2147483647;1000000;11765;85;182531.546706;1;0.000000;0.000037;0.375747;o;0.000091;0.006850;0.041786;0.072019;0.113808;0.158089;0.096834;0.375699;
0;2147483647;1000000;11628;86;184682.116185;1;0.000000;0.000041;0.349571;o;0.000090;0.006778;0.041499;0.071873;0.113374;0.155611;0.073640;0.349520;
0;2147483647;1000000;11495;87;186818.934058;1;0.000000;0.000043;0.351886;o;0.000088;0.007080;0.041544;0.072209;0.113755;0.157097;0.073786;0.351833;
0;2147483647;1000000;11364;88;188972.513816;1;0.000000;0.000046;0.356269;o;0.000088;0.006765;0.042136;0.075961;0.118098;0.158160;0.073075;0.356213;
0;2147483647;1000000;11236;89;191125.280082;1;0.000000;0.000044;0.351778;o;0.000086;0.006669;0.041875;0.070943;0.112820;0.158763;0.073356;0.351722;
0;2147483647;1000000;11112;90;193258.067585;1;0.000000;0.000041;0.353120;o;0.000085;0.006721;0.041975;0.071286;0.113262;0.158791;0.074185;0.353069;
0;2147483647;1000000;10990;91;195403.425569;1;0.000000;0.000043;0.355687;o;0.000084;0.006730;0.041689;0.071893;0.113583;0.161749;0.073462;0.355634;
0;2147483647;1000000;10870;92;197560.593100;1;0.000000;0.000045;0.357263;o;0.000084;0.006693;0.041564;0.071646;0.113211;0.163635;0.073559;0.357207;
0;2147483647;1000000;10753;93;199710.187576;1;0.000000;0.000043;0.395162;o;0.000083;0.006767;0.044883;0.095573;0.140458;0.174150;0.073621;0.395108;
0;2147483647;1000000;10639;94;201850.140709;1;0.000000;0.000051;0.380385;o;0.000087;0.006723;0.041784;0.076890;0.118675;0.181699;0.073112;0.380324;
0;2147483647;1000000;10527;95;203997.686615;1;0.000000;0.000045;0.359513;o;0.000081;0.006701;0.041975;0.071184;0.113160;0.166143;0.073344;0.359458;
0;2147483647;1000000;10417;96;206151.833253;1;0.000000;0.000041;0.363991;o;0.000096;0.006699;0.041518;0.071677;0.113196;0.170555;0.073368;0.363939;
0;2147483647;1000000;10310;97;208291.333366;1;0.000000;0.000055;0.362036;o;0.000080;0.006695;0.041375;0.071455;0.112831;0.168574;0.073765;0.361971;
0;2147483647;1000000;10205;98;210434.458305;1;0.000000;0.000041;0.365464;o;0.000083;0.006788;0.041790;0.071903;0.113694;0.170973;0.073846;0.365412;
0;2147483647;1000000;10102;99;212580.048208;1;0.000000;0.000040;0.366898;o;0.000077;0.006686;0.041418;0.072419;0.113840;0.173154;0.073063;0.366847;
0;2147483647;1000000;1000000;1;2147.483647;1;0.000000;0.000184;0.232443;o;0.006615;0.006631;0.077027;0.052539;0.129568;0.047498;0.041909;0.232248;
0;2147483647;1000000;500000;2;4294.967294;1;0.000000;0.000224;0.217619;o;0.003411;0.006591;0.057541;0.047949;0.105492;0.060948;0.040916;0.217384;
0;2147483647;1000000;333334;3;6442.438056;1;0.000000;0.000143;0.254086;o;0.002254;0.006856;0.074173;0.050077;0.124251;0.075605;0.044940;0.253932;
0;2147483647;1000000;250000;4;8589.934588;1;0.000000;0.000189;0.240189;o;0.001720;0.007043;0.049489;0.050833;0.100324;0.082078;0.048795;0.239989;
0;2147483647;1000000;200000;5;10737.418235;1;0.000000;0.000148;0.246227;o;0.001631;0.006350;0.048028;0.052523;0.100552;0.084896;0.052613;0.246068;
0;2147483647;1000000;166667;6;12884.876112;1;0.000000;0.000270;0.274587;o;0.001615;0.006615;0.047659;0.054119;0.101779;0.099055;0.065214;0.274306;
0;2147483647;1000000;142858;7;15032.295335;1;0.000000;0.000200;0.295983;o;0.001237;0.007025;0.061027;0.073450;0.134478;0.094369;0.058630;0.295770;
0;2147483647;1000000;125000;8;17179.869176;1;0.000000;0.000211;0.263145;o;0.000965;0.006533;0.045621;0.061478;0.107101;0.084272;0.064025;0.262922;
0;2147483647;1000000;111112;9;19327.198205;1;0.000000;0.000182;0.271781;o;0.001103;0.007087;0.046563;0.064341;0.110908;0.084411;0.068053;0.271588;
0;2147483647;1000000;100000;10;21474.836470;1;0.000000;0.000155;0.310977;o;0.000889;0.007257;0.046327;0.066591;0.112919;0.092452;0.097268;0.310812;
0;2147483647;1000000;90910;11;23622.083896;1;0.000000;0.000145;0.279880;o;0.000729;0.007665;0.045998;0.068287;0.114286;0.085297;0.071708;0.279725;
0;2147483647;1000000;83334;12;25769.597607;1;0.000000;0.000142;0.281914;o;0.000692;0.007708;0.045853;0.069437;0.115292;0.085399;0.072643;0.281762;
0;2147483647;1000000;76924;13;27916.952408;1;0.000000;0.000109;0.292847;o;0.000668;0.007181;0.048443;0.070725;0.119170;0.085234;0.080446;0.292727;
0;2147483647;1000000;71429;14;30064.590670;1;0.000000;0.000121;0.305375;o;0.000783;0.007395;0.059919;0.082936;0.142856;0.083199;0.070967;0.305230;
0;2147483647;1000000;66667;15;32212.093645;1;0.000000;0.000119;0.278879;o;0.000643;0.006852;0.045321;0.069930;0.115252;0.084562;0.071413;0.278749;
0;2147483647;1000000;62500;16;34359.738352;1;0.000000;0.000118;0.281122;o;0.000582;0.006843;0.045967;0.070274;0.116242;0.085170;0.072128;0.280993;
0;2147483647;1000000;58824;17;36506.929944;1;0.000000;0.000103;0.280881;o;0.000565;0.006863;0.045442;0.070405;0.115851;0.085305;0.072156;0.280767;
0;2147483647;1000000;55556;18;38654.396411;1;0.000000;0.000109;0.282325;o;0.000502;0.006860;0.045278;0.070938;0.116217;0.086149;0.072437;0.282201;
0;2147483647;1000000;52632;19;40801.862878;1;0.000000;0.000094;0.285250;o;0.000470;0.007686;0.045493;0.071203;0.116696;0.087725;0.072541;0.285146;
0;2147483647;1000000;50000;20;42949.672940;1;0.000000;0.000095;0.284742;o;0.000447;0.007129;0.045146;0.071250;0.116397;0.087408;0.073228;0.284636;
0;2147483647;1000000;47620;21;45096.254662;1;0.000000;0.000093;0.288157;o;0.000424;0.006854;0.045099;0.074000;0.119102;0.089079;0.072565;0.288053;
0;2147483647;1000000;45455;22;47244.167792;1;0.000000;0.000088;0.286164;o;0.000383;0.006770;0.045316;0.070896;0.116214;0.089533;0.073139;0.286066;
0;2147483647;1000000;43479;23;49391.284229;1;0.000000;0.000082;0.285365;o;0.000386;0.006769;0.044628;0.071199;0.115828;0.089389;0.072874;0.285271;
0;2147483647;1000000;41667;24;51539.195214;1;0.000000;0.000093;0.287050;o;0.000361;0.006771;0.044625;0.071416;0.116045;0.090910;0.072831;0.286945;
0;2147483647;1000000;40000;25;53687.091175;1;0.000000;0.000081;0.287523;o;0.000355;0.007094;0.044719;0.071107;0.115827;0.091002;0.073128;0.287432;
0;2147483647;1000000;38462;26;55833.904815;1;0.000000;0.000075;0.290451;o;0.000324;0.006722;0.046253;0.072022;0.118276;0.092178;0.072839;0.290365;
0;2147483647;1000000;37038;27;57980.550975;1;0.000000;0.000074;0.294026;o;0.000327;0.006805;0.045061;0.071559;0.116623;0.092914;0.077243;0.293941;
0;2147483647;1000000;35715;28;60128.339549;1;0.000000;0.000086;0.296061;o;0.000326;0.006765;0.044392;0.077414;0.121808;0.092597;0.074423;0.295965;
0;2147483647;1000000;34483;29;62276.589827;1;0.000000;0.000074;0.292115;o;0.000328;0.007030;0.044764;0.072029;0.116795;0.094468;0.073380;0.292030;
0;2147483647;1000000;33334;30;64423.220946;1;0.000000;0.000066;0.296311;o;0.000284;0.006754;0.044368;0.072125;0.116494;0.096904;0.075773;0.296235;
0;2147483647;1000000;32259;31;66570.062525;1;0.000000;0.000081;0.294968;o;0.000292;0.006785;0.044156;0.073548;0.117705;0.095756;0.074311;0.294876;
0;2147483647;1000000;31250;32;68719.476704;1;0.000000;0.000069;0.325561;o;0.000266;0.006813;0.046018;0.102107;0.148126;0.096560;0.073690;0.325481;
0;2147483647;1000000;30304;33;70864.692681;1;0.000000;0.000074;0.295436;o;0.000280;0.006730;0.043987;0.072386;0.116375;0.098316;0.073623;0.295351;
0;2147483647;1000000;29412;34;73013.859887;1;0.000000;0.000061;0.296641;o;0.000278;0.007571;0.044162;0.072460;0.116623;0.098027;0.074044;0.296570;
0;2147483647;1000000;28572;35;75160.424437;1;0.000000;0.000077;0.297482;o;0.000245;0.007053;0.043859;0.072320;0.116181;0.100105;0.073782;0.297394;
0;2147483647;1000000;27778;36;77308.792822;1;0.000000;0.000061;0.298229;o;0.000239;0.006815;0.044139;0.072280;0.116419;0.100776;0.073881;0.298157;
0;2147483647;1000000;27028;37;79454.034594;1;0.000000;0.000064;0.302724;o;0.000257;0.006770;0.048727;0.072322;0.121050;0.100979;0.073566;0.302649;
0;2147483647;1000000;26316;38;81603.725756;1;0.000000;0.000063;0.304059;o;0.000242;0.006748;0.043945;0.072090;0.116036;0.102212;0.078723;0.303986;
0;2147483647;1000000;25642;39;83748.679783;1;0.000000;0.000058;0.303209;o;0.000248;0.007607;0.043829;0.074846;0.118676;0.102840;0.073744;0.303142;
0;2147483647;1000000;25000;40;85899.345880;1;0.000000;0.000055;0.302119;o;0.000228;0.007089;0.043990;0.072249;0.116240;0.104398;0.074071;0.302054;
0;2147483647;1000000;24391;41;88044.100160;1;0.000000;0.000056;0.302837;o;0.000221;0.006715;0.043942;0.072593;0.116535;0.104938;0.074317;0.302771;
0;2147483647;1000000;23810;42;90192.509324;1;0.000000;0.000059;0.303667;o;0.000204;0.006775;0.043679;0.072506;0.116186;0.106113;0.074293;0.303598;
0;2147483647;1000000;23256;43;92341.058093;1;0.000000;0.000053;0.303918;o;0.000198;0.006741;0.043368;0.072641;0.116010;0.106813;0.074066;0.303854;
0;2147483647;1000000;22728;44;94486.256908;1;0.000000;0.000055;0.304690;o;0.000209;0.006704;0.043540;0.072343;0.115884;0.107572;0.074228;0.304623;
0;2147483647;1000000;22223;45;96633.381947;1;0.000000;0.000058;0.315811;o;0.000189;0.006751;0.043063;0.078660;0.121725;0.113256;0.073795;0.315742;
0;2147483647;1000000;21740;46;98780.296550;1;0.000000;0.000053;0.309032;o;0.000203;0.006798;0.043519;0.075876;0.119397;0.108855;0.073691;0.308969;
0;2147483647;1000000;21277;47;100929.813743;1;0.000000;0.000051;0.310544;o;0.000180;0.006725;0.043325;0.072734;0.116060;0.110829;0.076662;0.310482;
0;2147483647;1000000;20834;48;103075.916627;1;0.000000;0.000056;0.309871;o;0.000176;0.006803;0.043288;0.072442;0.115731;0.112323;0.074746;0.309805;
0;2147483647;1000000;20409;49;105222.384585;1;0.000000;0.000053;0.367627;o;0.000183;0.006818;0.043538;0.075866;0.119405;0.147250;0.093862;0.367546;
0;2147483647;1000000;20000;50;107374.182350;1;0.000000;0.000046;0.386287;o;0.000192;0.007764;0.045649;0.093361;0.139011;0.135113;0.104121;0.386229;
0;2147483647;1000000;19608;51;109520.789831;1;0.000000;0.000054;0.389925;o;0.000165;0.007121;0.044654;0.093948;0.138603;0.150713;0.093232;0.389860;
0;2147483647;1000000;19231;52;111667.809630;1;0.000000;0.000054;0.388673;o;0.000171;0.007315;0.043997;0.092174;0.136172;0.151462;0.093460;0.388608;
0;2147483647;1000000;18868;53;113816.178026;1;0.000000;0.000057;0.406306;o;0.000261;0.008028;0.044955;0.103047;0.148004;0.148497;0.101415;0.406235;
0;2147483647;1000000;18519;54;115961.101949;1;0.000000;0.000063;0.418584;o;0.000166;0.007352;0.048182;0.107646;0.155828;0.153592;0.101542;0.418509;
0;2147483647;1000000;18182;55;118110.419481;1;0.000000;0.000071;0.410825;o;0.000212;0.007201;0.043277;0.097673;0.140951;0.159189;0.103160;0.410741;
0;2147483647;1000000;17858;56;120253.312073;1;0.000000;0.000075;0.422689;o;0.000203;0.008071;0.047757;0.103447;0.151205;0.160363;0.102728;0.422600;
0;2147483647;1000000;17544;57;122405.588634;1;0.000000;0.000059;0.423547;o;0.000199;0.007997;0.047978;0.103070;0.151049;0.161241;0.102958;0.423474;
0;2147483647;1000000;17242;58;124549.567742;1;0.000000;0.000054;0.422936;o;0.000197;0.007833;0.047585;0.102596;0.150183;0.161916;0.102709;0.422869;
0;2147483647;1000000;16950;59;126695.200413;1;0.000000;0.000056;0.424035;o;0.000193;0.007885;0.047502;0.102825;0.150329;0.162498;0.103028;0.423964;
0;2147483647;1000000;16667;60;128846.441891;1;0.000000;0.000053;0.421388;o;0.000170;0.008035;0.047658;0.101581;0.149240;0.162841;0.101005;0.421322;
0;2147483647;1000000;16394;61;130992.048737;1;0.000000;0.000047;0.418449;o;0.000177;0.008096;0.048073;0.099950;0.148025;0.162891;0.099168;0.418389;
0;2147483647;1000000;16130;62;133135.997954;1;0.000000;0.000069;0.407181;o;0.000205;0.008176;0.047529;0.097428;0.144958;0.159811;0.093916;0.407097;
0;2147483647;1000000;15874;63;135283.082210;1;0.000000;0.000046;0.377464;o;0.000193;0.007833;0.047999;0.088954;0.136954;0.148307;0.084087;0.377404;
0;2147483647;1000000;15625;64;137438.953408;1;0.000000;0.000046;0.369545;o;0.000134;0.007176;0.043812;0.083498;0.127311;0.148895;0.085934;0.369488;
0;2147483647;1000000;15385;65;139582.947481;1;0.000000;0.000053;0.376059;o;0.000183;0.007260;0.045168;0.090376;0.135546;0.142757;0.090217;0.375994;
0;2147483647;1000000;15152;66;141729.385362;1;0.000000;0.000045;0.396896;o;0.000138;0.008341;0.045600;0.092056;0.137658;0.157148;0.093512;0.396838;
0;2147483647;1000000;14926;67;143875.361584;1;0.000000;0.000050;0.388817;o;0.000166;0.007661;0.045265;0.087896;0.133163;0.157900;0.089832;0.388754;
0;2147483647;1000000;14706;68;146027.719774;1;0.000000;0.000049;0.394141;o;0.000129;0.007676;0.045531;0.091224;0.136756;0.158481;0.091010;0.394080;
0;2147483647;1000000;14493;69;148173.852688;1;0.000000;0.000044;0.390951;o;0.000139;0.007745;0.045294;0.087992;0.133286;0.159965;0.089729;0.390895;
0;2147483647;1000000;14286;70;150320.848873;1;0.000000;0.000052;0.396320;o;0.000128;0.007697;0.045381;0.090776;0.136159;0.161517;0.090724;0.396256;
0;2147483647;1000000;14085;71;152466.002627;1;0.000000;0.000051;0.419361;o;0.000131;0.007689;0.046084;0.103061;0.149146;0.166521;0.095764;0.419285;
0;2147483647;1000000;13889;72;154617.585643;1;0.000000;0.000056;0.430770;o;0.000113;0.007201;0.042719;0.096184;0.138905;0.181687;0.102768;0.430703;
0;2147483647;1000000;13699;73;156762.073655;1;0.000000;0.000049;0.442276;o;0.000164;0.008310;0.047642;0.102601;0.150244;0.180840;0.102612;0.442201;
0;2147483647;1000000;13514;74;158908.069188;1;0.000000;0.000048;0.441886;o;0.000160;0.008050;0.046701;0.102392;0.149095;0.181899;0.102589;0.441824;
0;2147483647;1000000;13334;75;161053.220864;1;0.000000;0.000046;0.441816;o;0.000158;0.008020;0.046752;0.102752;0.149506;0.181846;0.102196;0.441756;
0;2147483647;1000000;13158;76;163207.451512;1;0.000000;0.000043;0.441961;o;0.000127;0.008475;0.046804;0.102231;0.149036;0.182443;0.101795;0.441906;
0;2147483647;1000000;12988;77;165343.674700;1;0.000000;0.000052;0.439600;o;0.000147;0.008035;0.046642;0.100740;0.147383;0.183863;0.100076;0.439533;
0;2147483647;1000000;12821;78;167497.359566;1;0.000000;0.000047;0.431145;o;0.000155;0.008193;0.047279;0.098220;0.145500;0.180833;0.096369;0.431082;
0;2147483647;1000000;12659;79;169640.860021;1;0.000000;0.000047;0.414055;o;0.000127;0.007957;0.047017;0.093775;0.140793;0.176068;0.089022;0.413995;
0;2147483647;1000000;12500;80;171798.691760;1;0.000000;0.000039;0.385122;o;0.000119;0.007516;0.044949;0.084240;0.129190;0.163221;0.084996;0.385071;
0;2147483647;1000000;12346;81;173941.652924;1;0.000000;0.000048;0.397014;o;0.000096;0.007679;0.043048;0.087305;0.130356;0.168901;0.089894;0.396955;
0;2147483647;1000000;12196;82;176080.981223;1;0.000000;0.000042;0.400256;o;0.000093;0.007016;0.041636;0.083860;0.125507;0.176108;0.091448;0.400202;
0;2147483647;1000000;12049;83;178229.201345;1;0.000000;0.000043;0.411099;o;0.000109;0.007603;0.044759;0.090090;0.134850;0.178354;0.090098;0.411044;
0;2147483647;1000000;11905;84;180385.018648;1;0.000000;0.000046;0.409761;o;0.000106;0.007703;0.044575;0.088522;0.133098;0.179257;0.089497;0.409702;
0;2147483647;1000000;11765;85;182531.546706;1;0.000000;0.000043;0.413079;o;0.000106;0.007632;0.044464;0.090236;0.134702;0.179783;0.090771;0.413024;
0;2147483647;1000000;11628;86;184682.116185;1;0.000000;0.000046;0.410693;o;0.000103;0.007582;0.044761;0.087053;0.131815;0.182480;0.088624;0.410635;
0;2147483647;1000000;11495;87;186818.934058;1;0.000000;0.000040;0.421229;o;0.000099;0.007577;0.044246;0.091002;0.135251;0.185252;0.092969;0.421177;
0;2147483647;1000000;11364;88;188972.513816;1;0.000000;0.000045;0.433278;o;0.000102;0.007683;0.042933;0.093907;0.136842;0.188285;0.100280;0.433221;
0;2147483647;1000000;11236;89;191125.280082;1;0.000000;0.000042;0.387581;o;0.000093;0.007868;0.042254;0.087156;0.129411;0.168158;0.081968;0.387527;
0;2147483647;1000000;11112;90;193258.067585;1;0.000000;0.000042;0.362288;o;0.000101;0.007303;0.041907;0.072345;0.114255;0.164540;0.076005;0.362234;
0;2147483647;1000000;10990;91;195403.425569;1;0.000000;0.000044;0.371445;o;0.000084;0.006928;0.041427;0.079476;0.120904;0.163882;0.079563;0.371390;
0;2147483647;1000000;10870;92;197560.593100;1;0.000000;0.000043;0.378308;o;0.000101;0.006614;0.041058;0.079057;0.120118;0.170608;0.080787;0.378254;
0;2147483647;1000000;10753;93;199710.187576;1;0.000000;0.000040;0.369154;o;0.000084;0.006935;0.041601;0.075752;0.117354;0.169623;0.075082;0.369104;
0;2147483647;1000000;10639;94;201850.140709;1;0.000000;0.000044;0.376822;o;0.000081;0.006640;0.041086;0.072305;0.113393;0.171819;0.084809;0.376767;
0;2147483647;1000000;10527;95;203997.686615;1;0.000000;0.000040;0.400032;o;0.000086;0.006966;0.041933;0.086123;0.128059;0.178555;0.086286;0.399980;
0;2147483647;1000000;10417;96;206151.833253;1;0.000000;0.000044;0.383781;o;0.000094;0.007249;0.041987;0.078918;0.120906;0.174311;0.081137;0.383725;
0;2147483647;1000000;10310;97;208291.333366;1;0.000000;0.000042;0.380324;o;0.000080;0.007227;0.042038;0.078791;0.120830;0.172615;0.079492;0.380271;
0;2147483647;1000000;10205;98;210434.458305;1;0.000000;0.000040;0.377401;o;0.000081;0.006691;0.041277;0.083276;0.124554;0.170643;0.075354;0.377351;
0;2147483647;1000000;10102;99;212580.048208;1;0.000000;0.000043;0.369914;o;0.000077;0.006630;0.041018;0.072490;0.113509;0.173689;0.075928;0.369861;
0;2147483647;1000000;1000000;1;2147.483647;1;0.000000;0.000211;0.230876;o;0.006679;0.006392;0.076620;0.051165;0.127786;0.047805;0.041965;0.230654;
0;2147483647;1000000;500000;2;4294.967294;1;0.000000;0.000203;0.215716;o;0.003478;0.006460;0.055685;0.046473;0.102160;0.062048;0.041328;0.215502;
0;2147483647;1000000;333334;3;6442.438056;1;0.000000;0.000147;0.220913;o;0.002241;0.006444;0.048014;0.047388;0.095404;0.072661;0.043979;0.220755;
0;2147483647;1000000;250000;4;8589.934588;1;0.000000;0.000188;0.234591;o;0.001792;0.006851;0.046245;0.048484;0.094730;0.077863;0.053130;0.234393;
0;2147483647;1000000;200000;5;10737.418235;1;0.000000;0.000141;0.248331;o;0.001536;0.006709;0.053510;0.052430;0.105941;0.079956;0.054010;0.248180;
0;2147483647;1000000;166667;6;12884.876112;1;0.000000;0.000533;0.264281;o;0.001679;0.006756;0.056779;0.058848;0.115629;0.081851;0.057793;0.263737;
0;2147483647;1000000;142858;7;15032.295335;1;0.000000;0.000109;0.259956;o;0.001152;0.006630;0.048721;0.056275;0.104998;0.081982;0.065046;0.259836;
0;2147483647;1000000;125000;8;17179.869176;1;0.000000;0.000186;0.273419;o;0.001325;0.007199;0.050455;0.061459;0.111915;0.082981;0.069761;0.273220;
0;2147483647;1000000;111112;9;19327.198205;1;0.000000;0.000172;0.274293;o;0.001009;0.006813;0.046386;0.067102;0.113489;0.085482;0.067272;0.274093;
0;2147483647;1000000;100000;10;21474.836470;1;0.000000;0.000163;0.272664;o;0.000865;0.006734;0.046325;0.065537;0.111865;0.083748;0.069253;0.272491;
0;2147483647;1000000;90910;11;23622.083896;1;0.000000;0.000148;0.276234;o;0.000733;0.007146;0.046006;0.067642;0.113649;0.084023;0.070497;0.276075;
0;2147483647;1000000;83334;12;25769.597607;1;0.000000;0.000142;0.278541;o;0.000793;0.006873;0.045583;0.068786;0.114370;0.084631;0.071693;0.278388;
0;2147483647;1000000;76924;13;27916.952408;1;0.000000;0.000129;0.281317;o;0.000650;0.006716;0.046057;0.069648;0.115708;0.085507;0.072570;0.281178;
0;2147483647;1000000;71429;14;30064.590670;1;0.000000;0.000126;0.301737;o;0.000790;0.007604;0.047717;0.070615;0.118336;0.093397;0.081444;0.301599;
0;2147483647;1000000;66667;15;32212.093645;1;0.000000;0.000113;0.331538;o;0.000556;0.006704;0.046597;0.082326;0.128924;0.105648;0.089553;0.331413;
0;2147483647;1000000;62500;16;34359.738352;1;0.000000;0.000112;0.346582;o;0.000661;0.007246;0.047888;0.089040;0.136930;0.109962;0.091630;0.346457;
0;2147483647;1000000;58824;17;36506.929944;1;0.000000;0.000120;0.350587;o;0.000617;0.007281;0.048017;0.092031;0.140049;0.109483;0.092996;0.350454;
0;2147483647;1000000;55556;18;38654.396411;1;0.000000;0.000112;0.361083;o;0.000614;0.007199;0.047653;0.100750;0.148405;0.112218;0.092494;0.360959;
0;2147483647;1000000;52632;19;40801.862878;1;0.000000;0.000098;0.291650;o;0.000602;0.007495;0.046715;0.071792;0.118510;0.089334;0.075568;0.291540;
0;2147483647;1000000;50000;20;42949.672940;1;0.000000;0.000095;0.317968;o;0.000435;0.006608;0.044930;0.078327;0.123259;0.112719;0.074814;0.317862;
0;2147483647;1000000;47620;21;45096.254662;1;0.000000;0.000104;0.289210;o;0.000444;0.006574;0.045505;0.071577;0.117084;0.089871;0.075093;0.289095;
0;2147483647;1000000;45455;22;47244.167792;1;0.000000;0.000084;0.290768;o;0.000421;0.006572;0.044983;0.072461;0.117448;0.090960;0.075246;0.290673;
0;2147483647;1000000;43479;23;49391.284229;1;0.000000;0.000087;0.294962;o;0.000401;0.006581;0.045080;0.076547;0.121628;0.091100;0.075127;0.294864;
0;2147483647;1000000;41667;24;51539.195214;1;0.000000;0.000080;0.291807;o;0.000368;0.006600;0.044736;0.072587;0.117325;0.092146;0.075250;0.291716;
0;2147483647;1000000;40000;25;53687.091175;1;0.000000;0.000077;0.292309;o;0.000387;0.006616;0.044687;0.072337;0.117026;0.093056;0.075109;0.292221;
0;2147483647;1000000;38462;26;55833.904815;1;0.000000;0.000079;0.295133;o;0.000353;0.006955;0.044388;0.072671;0.117061;0.095066;0.075581;0.295043;
0;2147483647;1000000;37038;27;57980.550975;1;0.000000;0.000075;0.293983;o;0.000358;0.006562;0.044580;0.073018;0.117599;0.094193;0.075141;0.293892;
0;2147483647;1000000;35715;28;60128.339549;1;0.000000;0.000069;0.296987;o;0.000322;0.006567;0.044427;0.073169;0.117598;0.096726;0.075667;0.296908;
0;2147483647;1000000;34483;29;62276.589827;1;0.000000;0.000084;0.324918;o;0.000307;0.006632;0.048172;0.098160;0.146333;0.095783;0.075739;0.324823;
0;2147483647;1000000;33334;30;64423.220946;1;0.000000;0.000068;0.324524;o;0.000301;0.006940;0.044078;0.072779;0.116858;0.104680;0.095640;0.324445;
0;2147483647;1000000;32259;31;66570.062525;1;0.000000;0.000065;0.298510;o;0.000286;0.006632;0.045149;0.072763;0.117913;0.097708;0.075867;0.298434;
0;2147483647;1000000;31250;32;68719.476704;1;0.000000;0.000064;0.296438;o;0.000279;0.006545;0.043765;0.071736;0.115504;0.097816;0.076192;0.296363;
0;2147483647;1000000;30304;33;70864.692681;1;0.000000;0.000070;0.301584;o;0.000270;0.006613;0.043642;0.073239;0.116884;0.102812;0.074897;0.301502;
0;2147483647;1000000;29412;34;73013.859887;1;0.000000;0.000072;0.299872;o;0.000260;0.006629;0.043718;0.073542;0.117262;0.099684;0.075927;0.299790;
0;2147483647;1000000;28572;35;75160.424437;1;0.000000;0.000063;0.300736;o;0.000267;0.006560;0.043629;0.073334;0.116965;0.101164;0.075680;0.300662;
0;2147483647;1000000;27778;36;77308.792822;1;0.000000;0.000062;0.303165;o;0.000243;0.006561;0.043701;0.073516;0.117219;0.102339;0.076702;0.303092;
0;2147483647;1000000;27028;37;79454.034594;1;0.000000;0.000057;0.304936;o;0.000237;0.006610;0.043623;0.076374;0.119998;0.102768;0.075228;0.304868;
0;2147483647;1000000;26316;38;81603.725756;1;0.000000;0.000058;0.300549;o;0.000229;0.006667;0.043405;0.072122;0.115528;0.102704;0.075325;0.300480;
0;2147483647;1000000;25642;39;83748.679783;1;0.000000;0.000061;0.333311;o;0.000222;0.006650;0.043771;0.088997;0.132770;0.111346;0.082225;0.333240;
0;2147483647;1000000;25000;40;85899.345880;1;0.000000;0.000057;0.328363;o;0.000219;0.006849;0.043876;0.080829;0.124706;0.112657;0.083828;0.328286;
0;2147483647;1000000;24391;41;88044.100160;1;0.000000;0.000056;0.339632;o;0.000237;0.007074;0.043669;0.081662;0.125333;0.114826;0.092067;0.339565;
0;2147483647;1000000;23810;42;90192.509324;1;0.000000;0.000058;0.351723;o;0.000235;0.007242;0.044837;0.094145;0.138983;0.131792;0.073371;0.351653;
0;2147483647;1000000;23256;43;92341.058093;1;0.000000;0.000054;0.309038;o;0.000198;0.006666;0.043449;0.073745;0.117195;0.108952;0.075937;0.308973;
0;2147483647;1000000;22728;44;94486.256908;1;0.000000;0.000057;0.308044;o;0.000196;0.006637;0.042945;0.072655;0.115601;0.109992;0.075524;0.307976;
0;2147483647;1000000;22223;45;96633.381947;1;0.000000;0.000059;0.341596;o;0.000189;0.006634;0.043220;0.072720;0.115944;0.142874;0.075859;0.341527;
0;2147483647;1000000;21740;46;98780.296550;1;0.000000;0.000051;0.310956;o;0.000198;0.006701;0.042773;0.073231;0.116005;0.112024;0.075938;0.310894;
0;2147483647;1000000;21277;47;100929.813743;1;0.000000;0.000055;0.311095;o;0.000180;0.006608;0.042796;0.072309;0.115109;0.112819;0.076289;0.311029;
0;2147483647;1000000;20834;48;103075.916627;1;0.000000;0.000057;0.346684;o;0.000193;0.006577;0.042981;0.072823;0.115805;0.146103;0.077912;0.346616;
0;2147483647;1000000;20409;49;105222.384585;1;0.000000;0.000062;0.311962;o;0.000170;0.006655;0.042529;0.072574;0.115105;0.114142;0.075789;0.311888;
0;2147483647;1000000;20000;50;107374.182350;1;0.000000;0.000053;0.313798;o;0.000169;0.006691;0.042692;0.073021;0.115714;0.114947;0.076185;0.313734;
0;2147483647;1000000;19608;51;109520.789831;1;0.000000;0.000057;0.313355;o;0.000166;0.006611;0.042746;0.072088;0.114835;0.115760;0.075887;0.313287;
0;2147483647;1000000;19231;52;111667.809630;1;0.000000;0.000047;0.315997;o;0.000165;0.006668;0.042929;0.072796;0.115729;0.117463;0.075886;0.315939;
0;2147483647;1000000;18868;53;113816.178026;1;0.000000;0.000048;0.315220;o;0.000155;0.006706;0.042610;0.072154;0.114766;0.117808;0.075700;0.315162;
0;2147483647;1000000;18519;54;115961.101949;1;0.000000;0.000052;0.322001;o;0.000153;0.006725;0.042656;0.072961;0.115617;0.118972;0.080444;0.321938;
0;2147483647;1000000;18182;55;118110.419481;1;0.000000;0.000046;0.363755;o;0.000149;0.006813;0.046050;0.079487;0.125538;0.136896;0.094274;0.363698;
0;2147483647;1000000;17858;56;120253.312073;1;0.000000;0.000045;0.375354;o;0.000166;0.007747;0.046204;0.092702;0.138908;0.143497;0.084950;0.375297;
0;2147483647;1000000;17544;57;122405.588634;1;0.000000;0.000044;0.364335;o;0.000152;0.007657;0.045258;0.084326;0.129586;0.138756;0.088100;0.364279;
0;2147483647;1000000;17242;58;124549.567742;1;0.000000;0.000040;0.370055;o;0.000154;0.007560;0.044937;0.087088;0.132026;0.142314;0.087920;0.370004;
0;2147483647;1000000;16950;59;126695.200413;1;0.000000;0.000043;0.370898;o;0.000149;0.007576;0.044946;0.087086;0.132034;0.142939;0.088116;0.370843;
0;2147483647;1000000;16667;60;128846.441891;1;0.000000;0.000048;0.378777;o;0.000164;0.007549;0.044842;0.091274;0.136117;0.146358;0.088499;0.378717;
0;2147483647;1000000;16394;61;130992.048737;1;0.000000;0.000041;0.372633;o;0.000144;0.007626;0.044645;0.086921;0.131570;0.145780;0.087430;0.372581;
0;2147483647;1000000;16130;62;133135.997954;1;0.000000;0.000044;0.374789;o;0.000141;0.008275;0.044434;0.087079;0.131514;0.147061;0.087713;0.374734;
0;2147483647;1000000;15874;63;135283.082210;1;0.000000;0.000055;0.391767;o;0.000139;0.007639;0.044335;0.087130;0.131466;0.158192;0.094226;0.391690;
0;2147483647;1000000;15625;64;137438.953408;1;0.000000;0.000041;0.370275;o;0.000152;0.007529;0.044812;0.085188;0.130002;0.147623;0.084888;0.370222;
0;2147483647;1000000;15385;65;139582.947481;1;0.000000;0.000043;0.370426;o;0.000132;0.007499;0.044992;0.084308;0.129301;0.148631;0.084780;0.370372;
0;2147483647;1000000;15152;66;141729.385362;1;0.000000;0.000042;0.373687;o;0.000130;0.007522;0.044702;0.086690;0.131393;0.149672;0.084890;0.373634;
0;2147483647;1000000;14926;67;143875.361584;1;0.000000;0.000042;0.373847;o;0.000126;0.007515;0.044318;0.084710;0.129029;0.151427;0.085668;0.373794;
0;2147483647;1000000;14706;68;146027.719774;1;0.000000;0.000047;0.373989;o;0.000124;0.007789;0.044280;0.084558;0.128839;0.151607;0.085542;0.373930;
0;2147483647;1000000;14493;69;148173.852688;1;0.000000;0.000039;0.376806;o;0.000123;0.007606;0.044215;0.086114;0.130330;0.152846;0.085821;0.376755;
0;2147483647;1000000;14286;70;150320.848873;1;0.000000;0.000043;0.377667;o;0.000120;0.007498;0.044272;0.085140;0.129414;0.154913;0.085639;0.377613;
0;2147483647;1000000;14085;71;152466.002627;1;0.000000;0.000054;0.379321;o;0.000118;0.007562;0.044198;0.085204;0.129403;0.156185;0.085959;0.379255;
0;2147483647;1000000;13889;72;154617.585643;1;0.000000;0.000038;0.380393;o;0.000117;0.007588;0.044330;0.084987;0.129318;0.157903;0.085390;0.380344;
0;2147483647;1000000;13699;73;156762.073655;1;0.000000;0.000046;0.376799;o;0.000124;0.007496;0.044118;0.080450;0.124570;0.156807;0.087714;0.376741;
0;2147483647;1000000;13514;74;158908.069188;1;0.000000;0.000045;0.392531;o;0.000114;0.007630;0.044040;0.086982;0.131023;0.164386;0.089290;0.392473;
0;2147483647;1000000;13334;75;161053.220864;1;0.000000;0.000045;0.391928;o;0.000111;0.007664;0.044341;0.089094;0.133436;0.163409;0.087222;0.391871;
0;2147483647;1000000;13158;76;163207.451512;1;0.000000;0.000044;0.399898;o;0.000111;0.007843;0.044155;0.090117;0.134275;0.168136;0.089447;0.399843;
0;2147483647;1000000;12988;77;165343.674700;1;0.000000;0.000044;0.419020;o;0.000109;0.007601;0.044121;0.086140;0.130263;0.184236;0.096724;0.418964;
0;2147483647;1000000;12821;78;167497.359566;1;0.000000;0.000049;0.437165;o;0.000158;0.008149;0.046142;0.096086;0.142229;0.181393;0.105140;0.437103;
0;2147483647;1000000;12659;79;169640.860021;1;0.000000;0.000041;0.442883;o;0.000119;0.007831;0.044657;0.105034;0.149692;0.191360;0.093799;0.442829;
0;2147483647;1000000;12500;80;171798.691760;1;0.000000;0.000044;0.470415;o;0.000125;0.007702;0.044623;0.109166;0.153790;0.195557;0.113156;0.470358;
0;2147483647;1000000;12346;81;173941.652924;1;0.000000;0.000048;0.470142;o;0.000109;0.007529;0.045709;0.108114;0.153824;0.198475;0.110116;0.470082;
0;2147483647;1000000;12196;82;176080.981223;1;0.000000;0.000051;0.458277;o;0.000148;0.008461;0.047615;0.103060;0.150676;0.192535;0.106359;0.458211;
0;2147483647;1000000;12049;83;178229.201345;1;0.000000;0.000048;0.468265;o;0.000144;0.008325;0.047774;0.104989;0.152764;0.201713;0.105225;0.468202;
0;2147483647;1000000;11905;84;180385.018648;1;0.000000;0.000068;0.473956;o;0.000145;0.008448;0.047967;0.105435;0.153404;0.205481;0.106362;0.473872;
0;2147483647;1000000;11765;85;182531.546706;1;0.000000;0.000049;0.474728;o;0.000140;0.008489;0.048035;0.106244;0.154281;0.205538;0.106183;0.474663;
0;2147483647;1000000;11628;86;184682.116185;1;0.000000;0.000046;0.474814;o;0.000139;0.008572;0.048081;0.105575;0.153659;0.206723;0.105626;0.474753;
0;2147483647;1000000;11495;87;186818.934058;1;0.000000;0.000044;0.476911;o;0.000135;0.008482;0.048367;0.105820;0.154188;0.207901;0.106115;0.476852;
0;2147483647;1000000;11364;88;188972.513816;1;0.000000;0.000048;0.473427;o;0.000137;0.008454;0.048235;0.104862;0.153098;0.207837;0.103810;0.473365;
0;2147483647;1000000;11236;89;191125.280082;1;0.000000;0.000049;0.470399;o;0.000133;0.009182;0.048270;0.103038;0.151310;0.208990;0.100690;0.470336;
0;2147483647;1000000;11112;90;193258.067585;1;0.000000;0.000046;0.447476;o;0.000131;0.008347;0.047938;0.097010;0.144949;0.200430;0.093529;0.447416;
0;2147483647;1000000;10990;91;195403.425569;1;0.000000;0.000044;0.436873;o;0.000114;0.008159;0.046573;0.093199;0.139773;0.196424;0.092313;0.436815;
0;2147483647;1000000;10870;92;197560.593100;1;0.000000;0.000047;0.437080;o;0.000100;0.007709;0.046309;0.095191;0.141503;0.194109;0.093570;0.437021;
0;2147483647;1000000;10753;93;199710.187576;1;0.000000;0.000045;0.454339;o;0.000114;0.008171;0.046632;0.095826;0.142461;0.205808;0.097695;0.454280;
0;2147483647;1000000;10639;94;201850.140709;1;0.000000;0.000044;0.448530;o;0.000112;0.008208;0.046630;0.094411;0.141042;0.205986;0.093094;0.448474;
0;2147483647;1000000;10527;95;203997.686615;1;0.000000;0.000048;0.450836;o;0.000112;0.008124;0.046886;0.093929;0.140817;0.207292;0.094396;0.450775;
0;2147483647;1000000;10417;96;206151.833253;1;0.000000;0.000043;0.449760;o;0.000115;0.008223;0.046488;0.094212;0.140701;0.207656;0.092978;0.449703;
0;2147483647;1000000;10310;97;208291.333366;1;0.000000;0.000044;0.464685;o;0.000146;0.008135;0.046612;0.093809;0.140422;0.209751;0.106143;0.464628;
0;2147483647;1000000;10205;98;210434.458305;1;0.000000;0.000046;0.471227;o;0.000089;0.007655;0.044503;0.097007;0.141511;0.217778;0.104106;0.471169;
0;2147483647;1000000;10102;99;212580.048208;1;0.000000;0.000050;0.495991;o;0.000120;0.008449;0.047696;0.106783;0.154479;0.226929;0.105918;0.495926;
0;2147483647;1000000;1000000;1;2147.483647;1;0.000000;0.000211;0.326986;o;0.007669;0.007655;0.129179;0.068248;0.197428;0.061275;0.052704;0.326760;
0;2147483647;1000000;500000;2;4294.967294;1;0.000000;0.000235;0.339699;o;0.004466;0.007932;0.125379;0.061415;0.186796;0.085849;0.054375;0.339449;
0;2147483647;1000000;333334;3;6442.438056;1;0.000000;0.000159;0.357617;o;0.002730;0.007776;0.119185;0.064270;0.183457;0.104067;0.059384;0.357445;
0;2147483647;1000000;250000;4;8589.934588;1;0.000000;0.000206;0.370861;o;0.002131;0.007983;0.119800;0.064884;0.184685;0.112631;0.063179;0.370641;
0;2147483647;1000000;200000;5;10737.418235;1;0.000000;0.000350;0.373470;o;0.002414;0.007832;0.112248;0.067524;0.179774;0.114952;0.068102;0.373105;
0;2147483647;1000000;166667;6;12884.876112;1;0.000000;0.000117;0.374145;o;0.001701;0.007352;0.102815;0.071143;0.173960;0.117110;0.073859;0.374013;
0;2147483647;1000000;142858;7;15032.295335;1;0.000000;0.000231;0.381983;o;0.001455;0.007981;0.100262;0.076120;0.176383;0.116881;0.079007;0.381737;
0;2147483647;1000000;125000;8;17179.869176;1;0.000000;0.000206;0.381805;o;0.001564;0.008455;0.097678;0.078715;0.176394;0.113833;0.081308;0.381584;
0;2147483647;1000000;111112;9;19327.198205;1;0.000000;0.000159;0.355179;o;0.001349;0.008383;0.081289;0.078342;0.159632;0.105289;0.080325;0.355007;
0;2147483647;1000000;100000;10;21474.836470;1;0.000000;0.000149;0.325840;o;0.001176;0.008061;0.054293;0.078573;0.132868;0.101279;0.082267;0.325679;
0;2147483647;1000000;90910;11;23622.083896;1;0.000000;0.000131;0.340009;o;0.001076;0.008058;0.054262;0.080951;0.135214;0.108435;0.087040;0.339865;
0;2147483647;1000000;83334;12;25769.597607;1;0.000000;0.000126;0.337370;o;0.000905;0.007607;0.049366;0.083096;0.132463;0.107442;0.088785;0.337232;
0;2147483647;1000000;76924;13;27916.952408;1;0.000000;0.000120;0.353030;o;0.000888;0.008363;0.053980;0.087689;0.141671;0.111762;0.090183;0.352897;
0;2147483647;1000000;71429;14;30064.590670;1;0.000000;0.000107;0.351504;o;0.000822;0.008118;0.053663;0.088560;0.142225;0.111194;0.088985;0.351383;
0;2147483647;1000000;66667;15;32212.093645;1;0.000000;0.000104;0.353545;o;0.000791;0.008829;0.053246;0.089820;0.143067;0.109816;0.090894;0.353429;
0;2147483647;1000000;62500;16;34359.738352;1;0.000000;0.000104;0.355744;o;0.000717;0.008173;0.052972;0.090333;0.143306;0.111091;0.092308;0.355627;
0;2147483647;1000000;58824;17;36506.929944;1;0.000000;0.000093;0.356885;o;0.000711;0.008190;0.052655;0.089475;0.142131;0.113227;0.092488;0.356778;
0;2147483647;1000000;55556;18;38654.396411;1;0.000000;0.000094;0.373176;o;0.000663;0.008088;0.051312;0.090975;0.142288;0.114737;0.107262;0.373069;
0;2147483647;1000000;52632;19;40801.862878;1;0.000000;0.000086;0.366533;o;0.000549;0.007496;0.050272;0.091091;0.141366;0.115636;0.101362;0.366435;
0;2147483647;1000000;50000;20;42949.672940;1;0.000000;0.000086;0.358784;o;0.000527;0.007662;0.059296;0.093343;0.152640;0.110543;0.087284;0.358686;
0;2147483647;1000000;47620;21;45096.254662;1;0.000000;0.000082;0.331129;o;0.000502;0.008273;0.047683;0.086539;0.134223;0.102051;0.085946;0.331025;
0;2147483647;1000000;45455;22;47244.167792;1;0.000000;0.000096;0.322315;o;0.000476;0.008174;0.047254;0.084543;0.131798;0.101008;0.080722;0.322208;
0;2147483647;1000000;43479;23;49391.284229;1;0.000000;0.000086;0.333779;o;0.000426;0.007538;0.047162;0.083465;0.130629;0.106568;0.088492;0.333682;
0;2147483647;1000000;41667;24;51539.195214;1;0.000000;0.000099;0.345875;o;0.000474;0.007734;0.047804;0.087412;0.135217;0.110112;0.092195;0.345763;
0;2147483647;1000000;40000;25;53687.091175;1;0.000000;0.000079;0.352204;o;0.000446;0.007678;0.047647;0.089677;0.137325;0.114947;0.091683;0.352113;
0;2147483647;1000000;38462;26;55833.904815;1;0.000000;0.000077;0.348361;o;0.000380;0.007633;0.047705;0.088253;0.135959;0.115067;0.089205;0.348272;
0;2147483647;1000000;37038;27;57980.550975;1;0.000000;0.000076;0.346808;o;0.000375;0.007548;0.047597;0.089574;0.137172;0.113371;0.088210;0.346716;
0;2147483647;1000000;35715;28;60128.339549;1;0.000000;0.000075;0.339578;o;0.000364;0.007606;0.046714;0.086814;0.133529;0.111225;0.086738;0.339492;
0;2147483647;1000000;34483;29;62276.589827;1;0.000000;0.000073;0.342439;o;0.000346;0.007580;0.046749;0.086891;0.133641;0.111325;0.089434;0.342354;
0;2147483647;1000000;33334;30;64423.220946;1;0.000000;0.000071;0.355527;o;0.000376;0.007698;0.047185;0.092952;0.140138;0.116834;0.090367;0.355443;
0;2147483647;1000000;32259;31;66570.062525;1;0.000000;0.000067;0.352557;o;0.000314;0.007636;0.047069;0.089928;0.136998;0.117649;0.089854;0.352478;
0;2147483647;1000000;31250;32;68719.476704;1;0.000000;0.000067;0.345304;o;0.000298;0.007627;0.046123;0.088903;0.135027;0.114982;0.087263;0.345226;
0;2147483647;1000000;30304;33;70864.692681;1;0.000000;0.000064;0.347814;o;0.000290;0.007616;0.046306;0.088418;0.134725;0.116883;0.088197;0.347739;
0;2147483647;1000000;29412;34;73013.859887;1;0.000000;0.000061;0.374239;o;0.000320;0.008324;0.046626;0.094401;0.141027;0.128077;0.096387;0.374165;
0;2147483647;1000000;28572;35;75160.424437;1;0.000000;0.000069;0.380722;o;0.000300;0.007624;0.046661;0.096829;0.143491;0.130248;0.098951;0.380641;
0;2147483647;1000000;27778;36;77308.792822;1;0.000000;0.000060;0.385823;o;0.000304;0.007717;0.046410;0.095959;0.142370;0.138274;0.097056;0.385749;
0;2147483647;1000000;27028;37;79454.034594;1;0.000000;0.000061;0.365401;o;0.000301;0.007871;0.046934;0.099291;0.146226;0.121926;0.088972;0.365327;
0;2147483647;1000000;26316;38;81603.725756;1;0.000000;0.000063;0.365402;o;0.000264;0.007624;0.046254;0.089092;0.135347;0.135525;0.086537;0.365327;
0;2147483647;1000000;25642;39;83748.679783;1;0.000000;0.000058;0.356606;o;0.000243;0.007553;0.046154;0.088867;0.135023;0.124371;0.089317;0.356536;
0;2147483647;1000000;25000;40;85899.345880;1;0.000000;0.000057;0.358091;o;0.000237;0.007667;0.045917;0.089159;0.135077;0.124711;0.090302;0.358023;
0;2147483647;1000000;24391;41;88044.100160;1;0.000000;0.000073;0.354216;o;0.000248;0.007606;0.045711;0.086450;0.132162;0.124621;0.089465;0.354131;
0;2147483647;1000000;23810;42;90192.509324;1;0.000000;0.000061;0.360344;o;0.000226;0.007639;0.045710;0.089656;0.135369;0.127244;0.089754;0.360272;
0;2147483647;1000000;23256;43;92341.058093;1;0.000000;0.000058;0.357168;o;0.000219;0.007703;0.045918;0.089631;0.135550;0.127388;0.086208;0.357098;
0;2147483647;1000000;22728;44;94486.256908;1;0.000000;0.000054;0.361262;o;0.000221;0.007633;0.045753;0.088571;0.134325;0.129299;0.089688;0.361196;
0;2147483647;1000000;22223;45;96633.381947;1;0.000000;0.000050;0.377966;o;0.000222;0.007605;0.045644;0.089620;0.135265;0.130618;0.104166;0.377904;
0;2147483647;1000000;21740;46;98780.296550;1;0.000000;0.000059;0.362697;o;0.000215;0.007563;0.045239;0.089176;0.134416;0.131626;0.088761;0.362626;
0;2147483647;1000000;21277;47;100929.813743;1;0.000000;0.000055;0.375298;o;0.000198;0.007617;0.046252;0.099844;0.146098;0.132589;0.088699;0.375231;
0;2147483647;1000000;20834;48;103075.916627;1;0.000000;0.000050;0.362969;o;0.000211;0.008262;0.045490;0.088342;0.133834;0.131936;0.088639;0.362908;
0;2147483647;1000000;20409;49;105222.384585;1;0.000000;0.000055;0.362947;o;0.000186;0.007677;0.045305;0.088304;0.133610;0.133505;0.087872;0.362880;
0;2147483647;1000000;20000;50;107374.182350;1;0.000000;0.000065;0.365236;o;0.000196;0.007598;0.045401;0.088396;0.133798;0.135081;0.088458;0.365159;
0;2147483647;1000000;19608;51;109520.789831;1;0.000000;0.000054;0.366584;o;0.000176;0.007597;0.045073;0.088584;0.133660;0.136246;0.088811;0.366518;
0;2147483647;1000000;19231;52;111667.809630;1;0.000000;0.000055;0.362114;o;0.000193;0.007639;0.045296;0.088174;0.133472;0.133852;0.086865;0.362047;
0;2147483647;1000000;18868;53;113816.178026;1;0.000000;0.000055;0.367173;o;0.000186;0.007595;0.044974;0.088498;0.133473;0.137822;0.088001;0.367107;
0;2147483647;1000000;18519;54;115961.101949;1;0.000000;0.000056;0.380346;o;0.000166;0.007648;0.044926;0.096653;0.141581;0.141343;0.089510;0.380278;
0;2147483647;1000000;18182;55;118110.419481;1;0.000000;0.000048;0.376756;o;0.000166;0.007602;0.044900;0.090247;0.135148;0.141015;0.092738;0.376697;
0;2147483647;1000000;17858;56;120253.312073;1;0.000000;0.000046;0.377397;o;0.000158;0.007609;0.045967;0.086421;0.132390;0.139094;0.098061;0.377339;
0;2147483647;1000000;17544;57;122405.588634;1;0.000000;0.000045;0.388693;o;0.000199;0.007783;0.045765;0.099011;0.144777;0.150739;0.085107;0.388634;
0;2147483647;1000000;17242;58;124549.567742;1;0.000000;0.000043;0.366624;o;0.000163;0.007579;0.045223;0.085009;0.130234;0.141408;0.087156;0.366569;
0;2147483647;1000000;16950;59;126695.200413;1;0.000000;0.000047;0.377407;o;0.000150;0.007564;0.044981;0.085821;0.130803;0.141226;0.097577;0.377349;
0;2147483647;1000000;16667;60;128846.441891;1;0.000000;0.000042;0.373478;o;0.000186;0.007987;0.045483;0.087649;0.133133;0.144951;0.087132;0.373422;
0;2147483647;1000000;16394;61;130992.048737;1;0.000000;0.000042;0.369188;o;0.000144;0.007478;0.044580;0.087060;0.131640;0.144295;0.085548;0.369136;
0;2147483647;1000000;16130;62;133135.997954;1;0.000000;0.000046;0.392672;o;0.000140;0.007527;0.044389;0.084834;0.129224;0.159809;0.095884;0.392615;
0;2147483647;1000000;15874;63;135283.082210;1;0.000000;0.000040;0.371072;o;0.000144;0.007543;0.044595;0.086897;0.131493;0.146680;0.085130;0.371021;
0;2147483647;1000000;15625;64;137438.953408;1;0.000000;0.000044;0.376674;o;0.000145;0.007474;0.045392;0.087070;0.132464;0.149247;0.087259;0.376618;
0;2147483647;1000000;15385;65;139582.947481;1;0.000000;0.000049;0.379867;o;0.000134;0.007518;0.044463;0.087486;0.131951;0.151523;0.088652;0.379807;
0;2147483647;1000000;15152;66;141729.385362;1;0.000000;0.000041;0.376180;o;0.000130;0.007565;0.044019;0.087239;0.131259;0.151499;0.085647;0.376127;
0;2147483647;1000000;14926;67;143875.361584;1;0.000000;0.000042;0.376401;o;0.000127;0.007534;0.044616;0.085311;0.129928;0.151532;0.087198;0.376348;
0;2147483647;1000000;14706;68;146027.719774;1;0.000000;0.000041;0.377167;o;0.000138;0.007507;0.044494;0.086393;0.130888;0.153017;0.085537;0.377114;
0;2147483647;1000000;14493;69;148173.852688;1;0.000000;0.000040;0.376407;o;0.000122;0.007584;0.044379;0.084716;0.129096;0.153546;0.085980;0.376355;
0;2147483647;1000000;14286;70;150320.848873;1;0.000000;0.000043;0.377733;o;0.000120;0.007493;0.044606;0.084740;0.129347;0.154834;0.085855;0.377679;
0;2147483647;1000000;14085;71;152466.002627;1;0.000000;0.000040;0.379413;o;0.000118;0.007835;0.044112;0.085236;0.129349;0.156028;0.086002;0.379361;
0;2147483647;1000000;13889;72;154617.585643;1;0.000000;0.000047;0.360989;o;0.000115;0.007544;0.044015;0.080355;0.124373;0.148508;0.080363;0.360932;
0;2147483647;1000000;13699;73;156762.073655;1;0.000000;0.000045;0.382826;o;0.000111;0.007337;0.043804;0.083556;0.127361;0.161397;0.086538;0.382771;
0;2147483647;1000000;13514;74;158908.069188;1;0.000000;0.000046;0.385753;o;0.000109;0.008268;0.043969;0.085738;0.129709;0.160937;0.086645;0.385697;
0;2147483647;1000000;13334;75;161053.220864;1;0.000000;0.000046;0.387662;o;0.000112;0.007604;0.043956;0.086490;0.130447;0.162675;0.086737;0.387604;
0;2147483647;1000000;13158;76;163207.451512;1;0.000000;0.000041;0.405705;o;0.000111;0.007576;0.044289;0.086501;0.130791;0.179327;0.087817;0.405653;
0;2147483647;1000000;12988;77;165343.674700;1;0.000000;0.000048;0.391571;o;0.000109;0.007652;0.044326;0.085965;0.130292;0.166450;0.086977;0.391511;
0;2147483647;1000000;12821;78;167497.359566;1;0.000000;0.000043;0.389189;o;0.000118;0.007571;0.043898;0.083148;0.127047;0.167110;0.087261;0.389134;
0;2147483647;1000000;12659;79;169640.860021;1;0.000000;0.000043;0.393987;o;0.000105;0.007584;0.044258;0.086463;0.130723;0.168291;0.087200;0.393932;
0;2147483647;1000000;12500;80;171798.691760;1;0.000000;0.000045;0.391401;o;0.000104;0.007521;0.043879;0.086533;0.130414;0.166883;0.086393;0.391344;
0;2147483647;1000000;12346;81;173941.652924;1;0.000000;0.000044;0.397836;o;0.000101;0.007513;0.044669;0.085699;0.130369;0.172740;0.087027;0.397780;
0;2147483647;1000000;12196;82;176080.981223;1;0.000000;0.000048;0.398801;o;0.000118;0.007839;0.044109;0.086897;0.131009;0.173166;0.086580;0.398742;
0;2147483647;1000000;12049;83;178229.201345;1;0.000000;0.000043;0.400732;o;0.000109;0.007353;0.043986;0.085861;0.129848;0.174892;0.088448;0.400677;
0;2147483647;1000000;11905;84;180385.018648;1;0.000000;0.000043;0.406504;o;0.000098;0.007534;0.044220;0.087440;0.131661;0.176889;0.090237;0.406449;
0;2147483647;1000000;11765;85;182531.546706;1;0.000000;0.000057;0.400989;o;0.000100;0.007531;0.044329;0.084109;0.128439;0.177033;0.087785;0.400921;
0;2147483647;1000000;11628;86;184682.116185;1;0.000000;0.000043;0.407068;o;0.000096;0.007553;0.043907;0.087141;0.131049;0.179470;0.088817;0.407014;
0;2147483647;1000000;11495;87;186818.934058;1;0.000000;0.000045;0.408044;o;0.000094;0.007587;0.044160;0.087986;0.132147;0.180127;0.088005;0.407988;
0;2147483647;1000000;11364;88;188972.513816;1;0.000000;0.000044;0.412649;o;0.000114;0.008273;0.044449;0.088036;0.132486;0.183205;0.088488;0.412594;
0;2147483647;1000000;11236;89;191125.280082;1;0.000000;0.000047;0.425744;o;0.000093;0.007743;0.043794;0.087439;0.131235;0.182069;0.104516;0.425686;
0;2147483647;1000000;11112;90;193258.067585;1;0.000000;0.000042;0.439007;o;0.000126;0.007855;0.045059;0.094793;0.139854;0.196713;0.094372;0.438950;
0;2147483647;1000000;10990;91;195403.425569;1;0.000000;0.000043;0.475918;o;0.000119;0.008075;0.045644;0.105553;0.151197;0.208618;0.107824;0.475862;
0;2147483647;1000000;10870;92;197560.593100;1;0.000000;0.000048;0.457965;o;0.000122;0.007725;0.044135;0.094343;0.138479;0.210077;0.101454;0.457899;
0;2147483647;1000000;10753;93;199710.187576;1;0.000000;0.000044;0.483323;o;0.000123;0.008541;0.044369;0.110267;0.154637;0.217883;0.102053;0.483267;
0;2147483647;1000000;10639;94;201850.140709;1;0.000000;0.000042;0.489005;o;0.000129;0.008522;0.048837;0.110462;0.159300;0.212100;0.108869;0.488948;
0;2147483647;1000000;10527;95;203997.686615;1;0.000000;0.000044;0.486492;o;0.000108;0.007512;0.045752;0.106031;0.151786;0.220991;0.106012;0.486436;
0;2147483647;1000000;10417;96;206151.833253;1;0.000000;0.000053;0.489534;o;0.000124;0.008425;0.047858;0.106570;0.154429;0.221239;0.105217;0.489465;
0;2147483647;1000000;10310;97;208291.333366;1;0.000000;0.000043;0.489741;o;0.000123;0.008380;0.047622;0.105169;0.152794;0.223072;0.105284;0.489683;
0;2147483647;1000000;10205;98;210434.458305;1;0.000000;0.000048;0.489956;o;0.000111;0.008272;0.047696;0.104945;0.152642;0.224366;0.104471;0.489895;
0;2147483647;1000000;10102;99;212580.048208;1;0.000000;0.000056;0.490033;o;0.000123;0.008438;0.047507;0.103909;0.151417;0.225616;0.104329;0.489962;
0;2147483647;1000000;1000000;1;2147.483647;1;0.000000;0.000349;0.321518;o;0.007845;0.008386;0.127322;0.065327;0.192650;0.061102;0.051140;0.321155;
0;2147483647;1000000;500000;2;4294.967294;1;0.000000;0.000216;0.328606;o;0.003865;0.008115;0.120863;0.059720;0.180584;0.083378;0.052401;0.328375;
0;2147483647;1000000;333334;3;6442.438056;1;0.000000;0.000574;0.341679;o;0.003080;0.008278;0.116745;0.060622;0.177368;0.098030;0.054302;0.341090;
0;2147483647;1000000;250000;4;8589.934588;1;0.000000;0.000249;0.328400;o;0.002784;0.007325;0.102430;0.059513;0.161944;0.099944;0.056110;0.328137;
0;2147483647;1000000;200000;5;10737.418235;1;0.000000;0.000143;0.306102;o;0.001659;0.007615;0.077276;0.058867;0.136145;0.100156;0.060342;0.305946;
0;2147483647;1000000;166667;6;12884.876112;1;0.000000;0.000265;0.298937;o;0.001529;0.007426;0.065339;0.063157;0.128497;0.094845;0.066331;0.298658;
0;2147483647;1000000;142858;7;15032.295335;1;0.000000;0.000213;0.318109;o;0.001149;0.007972;0.068951;0.068085;0.137039;0.100186;0.071505;0.317883;
0;2147483647;1000000;125000;8;17179.869176;1;0.000000;0.000194;0.337750;o;0.001483;0.008093;0.067454;0.075146;0.142601;0.106558;0.078778;0.337543;
0;2147483647;1000000;111112;9;19327.198205;1;0.000000;0.000179;0.347525;o;0.001342;0.008127;0.073049;0.077240;0.150291;0.105767;0.081764;0.347334;
0;2147483647;1000000;100000;10;21474.836470;1;0.000000;0.000162;0.340484;o;0.001197;0.008058;0.060035;0.080115;0.140153;0.106743;0.084128;0.340310;
0;2147483647;1000000;90910;11;23622.083896;1;0.000000;0.000162;0.347940;o;0.001080;0.008096;0.057337;0.084961;0.142300;0.109339;0.086918;0.347765;
0;2147483647;1000000;83334;12;25769.597607;1;0.000000;0.000147;0.354965;o;0.001000;0.008216;0.061521;0.086167;0.147689;0.108234;0.089633;0.354804;
0;2147483647;1000000;76924;13;27916.952408;1;0.000000;0.000124;0.350101;o;0.000929;0.008174;0.054907;0.087872;0.142781;0.108318;0.089732;0.349964;
0;2147483647;1000000;71429;14;30064.590670;1;0.000000;0.000118;0.375719;o;0.000848;0.008147;0.054278;0.100873;0.155152;0.112241;0.099172;0.375589;
0;2147483647;1000000;66667;15;32212.093645;1;0.000000;0.000114;0.384174;o;0.000744;0.007598;0.049715;0.100787;0.150502;0.123050;0.102124;0.384048;
0;2147483647;1000000;62500;16;34359.738352;1;0.000000;0.000105;0.409928;o;0.000769;0.008356;0.071211;0.100777;0.171989;0.125375;0.103250;0.409771;
0;2147483647;1000000;58824;17;36506.929944;1;0.000000;0.000099;0.408523;o;0.000693;0.008164;0.067866;0.102173;0.170040;0.125504;0.103969;0.408410;
0;2147483647;1000000;55556;18;38654.396411;1;0.000000;0.000101;0.409493;o;0.000667;0.008364;0.068338;0.101487;0.169826;0.127390;0.103090;0.409368;
0;2147483647;1000000;52632;19;40801.862878;1;0.000000;0.000097;0.405349;o;0.000621;0.008270;0.065158;0.101688;0.166848;0.126381;0.103087;0.405238;
0;2147483647;1000000;50000;20;42949.672940;1;0.000000;0.000092;0.402662;o;0.000622;0.008311;0.061207;0.102134;0.163342;0.127642;0.102608;0.402555;
0;2147483647;1000000;47620;21;45096.254662;1;0.000000;0.000094;0.403834;o;0.000573;0.008364;0.062865;0.101984;0.164851;0.127557;0.102349;0.403724;
0;2147483647;1000000;45455;22;47244.167792;1;0.000000;0.000089;0.399972;o;0.000566;0.008380;0.062481;0.100462;0.162945;0.127302;0.100643;0.399868;
0;2147483647;1000000;43479;23;49391.284229;1;0.000000;0.000080;0.389156;o;0.000500;0.008375;0.061671;0.098478;0.160150;0.123918;0.096090;0.389062;
0;2147483647;1000000;41667;24;51539.195214;1;0.000000;0.000077;0.365781;o;0.000486;0.008188;0.056406;0.092761;0.149169;0.116837;0.090980;0.365689;
0;2147483647;1000000;40000;25;53687.091175;1;0.000000;0.000078;0.352024;o;0.000442;0.008007;0.049721;0.089699;0.139421;0.112923;0.091109;0.351933;
0;2147483647;1000000;38462;26;55833.904815;1;0.000000;0.000067;0.356504;o;0.000425;0.007606;0.046886;0.091421;0.138308;0.120836;0.089220;0.356425;
0;2147483647;1000000;37038;27;57980.550975;1;0.000000;0.000068;0.359139;o;0.000366;0.007573;0.046620;0.091099;0.137720;0.120744;0.092628;0.359060;
0;2147483647;1000000;35715;28;60128.339549;1;0.000000;0.000065;0.365499;o;0.000417;0.008128;0.049529;0.092464;0.141995;0.123747;0.091103;0.365421;
0;2147483647;1000000;34483;29;62276.589827;1;0.000000;0.000088;0.364829;o;0.000391;0.008855;0.049391;0.094110;0.143503;0.120020;0.091928;0.364729;
0;2147483647;1000000;33334;30;64423.220946;1;0.000000;0.000077;0.365858;o;0.000402;0.008102;0.049349;0.091836;0.141188;0.121800;0.094245;0.365769;
0;2147483647;1000000;32259;31;66570.062525;1;0.000000;0.000072;0.369182;o;0.000396;0.008175;0.049379;0.092933;0.142313;0.125278;0.092901;0.369097;
0;2147483647;1000000;31250;32;68719.476704;1;0.000000;0.000080;0.368596;o;0.000369;0.008129;0.049253;0.093200;0.142455;0.124510;0.093007;0.368503;
0;2147483647;1000000;30304;33;70864.692681;1;0.000000;0.000070;0.383012;o;0.000346;0.008087;0.049013;0.095686;0.144699;0.135263;0.094502;0.382929;
0;2147483647;1000000;29412;34;73013.859887;1;0.000000;0.000063;0.390519;o;0.000323;0.008152;0.047504;0.100596;0.148102;0.135990;0.097846;0.390443;
0;2147483647;1000000;28572;35;75160.424437;1;0.000000;0.000062;0.358950;o;0.000329;0.007903;0.048117;0.091907;0.140026;0.120534;0.090052;0.358876;
0;2147483647;1000000;27778;36;77308.792822;1;0.000000;0.000062;0.348270;o;0.000270;0.007516;0.045820;0.088626;0.134447;0.118265;0.087668;0.348196;
0;2147483647;1000000;27028;37;79454.034594;1;0.000000;0.000060;0.344701;o;0.000274;0.007570;0.045898;0.085013;0.130915;0.119331;0.086511;0.344630;
0;2147483647;1000000;26316;38;81603.725756;1;0.000000;0.000060;0.349911;o;0.000267;0.008327;0.046040;0.090311;0.136353;0.118866;0.085996;0.349840;
0;2147483647;1000000;25642;39;83748.679783;1;0.000000;0.000054;0.361870;o;0.000239;0.007605;0.045742;0.092102;0.137847;0.125468;0.090620;0.361805;
0;2147483647;1000000;25000;40;85899.345880;1;0.000000;0.000071;0.362021;o;0.000235;0.007670;0.047492;0.091142;0.138635;0.124273;0.091098;0.361939;
0;2147483647;1000000;24391;41;88044.100160;1;0.000000;0.000059;0.356276;o;0.000236;0.007751;0.045401;0.088891;0.134294;0.126908;0.086987;0.356205;
0;2147483647;1000000;23810;42;90192.509324;1;0.000000;0.000056;0.350802;o;0.000228;0.007838;0.045700;0.086995;0.132695;0.122504;0.087440;0.350734;
0;2147483647;1000000;23256;43;92341.058093;1;0.000000;0.000056;0.355825;o;0.000216;0.007575;0.045797;0.087735;0.133533;0.125847;0.088558;0.355758;
0;2147483647;1000000;22728;44;94486.256908;1;0.000000;0.000053;0.365269;o;0.000235;0.007689;0.046270;0.092109;0.138382;0.129317;0.089550;0.365203;
0;2147483647;1000000;22223;45;96633.381947;1;0.000000;0.000048;0.362432;o;0.000209;0.007411;0.045414;0.089504;0.134919;0.130081;0.089708;0.362356;
0;2147483647;1000000;21740;46;98780.296550;1;0.000000;0.000060;0.360151;o;0.000215;0.008233;0.045845;0.087673;0.133520;0.129635;0.088450;0.360080;
0;2147483647;1000000;21277;47;100929.813743;1;0.000000;0.000058;0.363695;o;0.000194;0.007644;0.045604;0.087403;0.133008;0.131967;0.090784;0.363626;
0;2147483647;1000000;20834;48;103075.916627;1;0.000000;0.000049;0.384733;o;0.000192;0.007750;0.045180;0.094015;0.139196;0.141425;0.096080;0.384672;
0;2147483647;1000000;20409;49;105222.384585;1;0.000000;0.000049;0.390898;o;0.000230;0.007710;0.046174;0.096722;0.142897;0.144140;0.095830;0.390836;
0;2147483647;1000000;20000;50;107374.182350;1;0.000000;0.000057;0.399165;o;0.000225;0.007685;0.045602;0.100177;0.145780;0.149906;0.095471;0.399095;
0;2147483647;1000000;19608;51;109520.789831;1;0.000000;0.000053;0.364434;o;0.000214;0.007746;0.046177;0.089111;0.135289;0.133763;0.087327;0.364369;
0;2147483647;1000000;19231;52;111667.809630;1;0.000000;0.000050;0.378247;o;0.000194;0.007521;0.044925;0.096514;0.141440;0.141607;0.087392;0.378185;
0;2147483647;1000000;18868;53;113816.178026;1;0.000000;0.000048;0.360428;o;0.000187;0.007582;0.044972;0.087529;0.132503;0.133416;0.086651;0.360368;
0;2147483647;1000000;18519;54;115961.101949;1;0.000000;0.000051;0.366442;o;0.000166;0.007570;0.044957;0.087461;0.132419;0.138951;0.087246;0.366380;
0;2147483647;1000000;18182;55;118110.419481;1;0.000000;0.000048;0.367425;o;0.000178;0.007600;0.044850;0.087672;0.132524;0.138933;0.088102;0.367365;
0;2147483647;1000000;17858;56;120253.312073;1;0.000000;0.000049;0.369488;o;0.000159;0.007566;0.044740;0.087697;0.132440;0.141077;0.088155;0.369427;
0;2147483647;1000000;17544;57;122405.588634;1;0.000000;0.000051;0.364852;o;0.000155;0.007616;0.044873;0.087277;0.132150;0.138583;0.086255;0.364789;
0;2147483647;1000000;17242;58;124549.567742;1;0.000000;0.000048;0.370512;o;0.000169;0.007533;0.044735;0.087517;0.132254;0.142454;0.088013;0.370452;
0;2147483647;1000000;16950;59;126695.200413;1;0.000000;0.000052;0.385715;o;0.000154;0.007591;0.044715;0.087638;0.132354;0.157868;0.087655;0.385652;
0;2147483647;1000000;16667;60;128846.441891;1;0.000000;0.000048;0.388508;o;0.000167;0.007629;0.045464;0.086909;0.132374;0.149838;0.098412;0.388448;
0;2147483647;1000000;16394;61;130992.048737;1;0.000000;0.000048;0.369561;o;0.000144;0.007563;0.044706;0.087014;0.131720;0.143337;0.086710;0.369502;
0;2147483647;1000000;16130;62;133135.997954;1;0.000000;0.000052;0.372896;o;0.000140;0.007519;0.044617;0.086279;0.130898;0.146780;0.087465;0.372832;
0;2147483647;1000000;15874;63;135283.082210;1;0.000000;0.000047;0.374014;o;0.000147;0.007635;0.045325;0.086433;0.131759;0.147596;0.086790;0.373956;
0;2147483647;1000000;15625;64;137438.953408;1;0.000000;0.000046;0.375086;o;0.000147;0.007788;0.045283;0.086493;0.131778;0.148576;0.086708;0.375028;
0;2147483647;1000000;15385;65;139582.947481;1;0.000000;0.000046;0.370833;o;0.000133;0.007506;0.044262;0.083521;0.127786;0.149022;0.086298;0.370775;
0;2147483647;1000000;15152;66;141729.385362;1;0.000000;0.000047;0.374818;o;0.000131;0.007558;0.044254;0.085689;0.129945;0.150224;0.086862;0.374759;
0;2147483647;1000000;14926;67;143875.361584;1;0.000000;0.000056;0.385736;o;0.000126;0.007538;0.044285;0.086106;0.130393;0.159147;0.088434;0.385668;
0;2147483647;1000000;14706;68;146027.719774;1;0.000000;0.000045;0.387189;o;0.000126;0.007623;0.045194;0.088271;0.133467;0.156678;0.089209;0.387133;
0;2147483647;1000000;14493;69;148173.852688;1;0.000000;0.000043;0.387385;o;0.000123;0.007553;0.043905;0.086714;0.130623;0.158738;0.090253;0.387331;
0;2147483647;1000000;14286;70;150320.848873;1;0.000000;0.000045;0.414083;o;0.000147;0.007404;0.046328;0.096875;0.143205;0.175121;0.088117;0.414025;
0;2147483647;1000000;14085;71;152466.002627;1;0.000000;0.000040;0.384031;o;0.000120;0.007583;0.044452;0.086684;0.131138;0.157369;0.087740;0.383979;
0;2147483647;1000000;13889;72;154617.585643;1;0.000000;0.000048;0.386391;o;0.000119;0.007387;0.044414;0.087024;0.131440;0.159078;0.088276;0.386331;
0;2147483647;1000000;13699;73;156762.073655;1;0.000000;0.000041;0.401417;o;0.000165;0.008488;0.045670;0.099600;0.145272;0.160432;0.086973;0.401361;
0;2147483647;1000000;13514;74;158908.069188;1;0.000000;0.000040;0.385821;o;0.000116;0.007512;0.044448;0.086619;0.131068;0.161552;0.085491;0.385770;
0;2147483647;1000000;13334;75;161053.220864;1;0.000000;0.000041;0.407638;o;0.000110;0.008263;0.044318;0.085812;0.130132;0.181277;0.087773;0.407586;
0;2147483647;1000000;13158;76;163207.451512;1;0.000000;0.000041;0.390920;o;0.000113;0.007583;0.044088;0.086628;0.130717;0.164598;0.087815;0.390867;
0;2147483647;1000000;12988;77;165343.674700;1;0.000000;0.000043;0.392202;o;0.000107;0.007430;0.044010;0.087176;0.131187;0.165680;0.087713;0.392148;
0;2147483647;1000000;12821;78;167497.359566;1;0.000000;0.000040;0.393800;o;0.000107;0.007490;0.044336;0.086690;0.131027;0.167168;0.087927;0.393749;
0;2147483647;1000000;12659;79;169640.860021;1;0.000000;0.000043;0.395504;o;0.000106;0.007482;0.044276;0.086383;0.130660;0.168984;0.088189;0.395450;
0;2147483647;1000000;12500;80;171798.691760;1;0.000000;0.000038;0.393070;o;0.000103;0.007501;0.043876;0.085500;0.129377;0.168827;0.087163;0.393020;
0;2147483647;1000000;12346;81;173941.652924;1;0.000000;0.000042;0.390033;o;0.000106;0.007502;0.043939;0.084551;0.128491;0.168305;0.085547;0.389979;
0;2147483647;1000000;12196;82;176080.981223;1;0.000000;0.000043;0.393312;o;0.000100;0.007538;0.043912;0.085024;0.128937;0.171079;0.085575;0.393258;
0;2147483647;1000000;12049;83;178229.201345;1;0.000000;0.000039;0.393507;o;0.000115;0.007512;0.043870;0.084133;0.128005;0.172243;0.085554;0.393457;
0;2147483647;1000000;11905;84;180385.018648;1;0.000000;0.000041;0.395930;o;0.000097;0.007771;0.043779;0.084612;0.128392;0.173820;0.085769;0.395877;
0;2147483647;1000000;11765;85;182531.546706;1;0.000000;0.000042;0.394949;o;0.000096;0.007523;0.043645;0.086249;0.129895;0.175650;0.081703;0.394895;
0;2147483647;1000000;11628;86;184682.116185;1;0.000000;0.000051;0.396768;o;0.000094;0.008091;0.043549;0.083362;0.126913;0.178222;0.083357;0.396706;
0;2147483647;1000000;11495;87;186818.934058;1;0.000000;0.000046;0.402514;o;0.000096;0.007540;0.043997;0.084922;0.128921;0.178384;0.087472;0.402457;
0;2147483647;1000000;11364;88;188972.513816;1;0.000000;0.000056;0.411618;o;0.000093;0.007763;0.043697;0.085747;0.129446;0.180291;0.093928;0.411550;
0;2147483647;1000000;11236;89;191125.280082;1;0.000000;0.000045;0.404845;o;0.000126;0.007814;0.044396;0.084448;0.128845;0.179880;0.088090;0.404788;
0;2147483647;1000000;11112;90;193258.067585;1;0.000000;0.000043;0.403346;o;0.000092;0.007465;0.043966;0.084919;0.128886;0.182038;0.084783;0.403291;
0;2147483647;1000000;10990;91;195403.425569;1;0.000000;0.000042;0.406486;o;0.000092;0.007603;0.043343;0.085033;0.128378;0.184249;0.086081;0.406433;
0;2147483647;1000000;10870;92;197560.593100;1;0.000000;0.000060;0.408074;o;0.000108;0.007422;0.043606;0.085502;0.129109;0.184951;0.086384;0.408003;
0;2147483647;1000000;10753;93;199710.187576;1;0.000000;0.000042;0.411057;o;0.000089;0.007486;0.043524;0.085027;0.128552;0.187689;0.087160;0.411003;
0;2147483647;1000000;10639;94;201850.140709;1;0.000000;0.000043;0.409553;o;0.000090;0.007447;0.043461;0.085302;0.128764;0.187088;0.086080;0.409498;
0;2147483647;1000000;10527;95;203997.686615;1;0.000000;0.000045;0.417161;o;0.000090;0.007513;0.043343;0.085694;0.129039;0.192296;0.088140;0.417105;
0;2147483647;1000000;10417;96;206151.833253;1;0.000000;0.000044;0.421452;o;0.000086;0.007666;0.043890;0.087189;0.131080;0.194354;0.088183;0.421397;
0;2147483647;1000000;10310;97;208291.333366;1;0.000000;0.000043;0.422238;o;0.000086;0.007608;0.043916;0.087379;0.131296;0.194889;0.088274;0.422184;
0;2147483647;1000000;10205;98;210434.458305;1;0.000000;0.000041;0.420893;o;0.000099;0.007611;0.043882;0.084584;0.128468;0.195778;0.088856;0.420840;
0;2147483647;1000000;10102;99;212580.048208;1;0.000000;0.000046;0.423278;o;0.000082;0.007673;0.043368;0.087438;0.130807;0.197150;0.087479;0.423220;
