min;max;size;buckets;mean_elements_in_bucket;threads;time_allocate_sync;time_deallocate;time_all;error;0;0;0;0;0;0;0;0;
0;100000;40000000;40000000;1;0.002500;1;0.000000;0.001602;20.989130;o;0.263084;0.296009;4.016006;5.974770;9.990777;5.437142;5.000469;
0;100000;40000000;10000000;4;0.010000;1;0.000000;0.000556;19.742182;o;0.065548;0.293133;3.225332;5.530851;8.756184;5.484137;5.142582;
0;100000;40000000;5714286;7;0.017500;1;0.000000;0.000450;19.868203;o;0.037466;0.292888;3.268017;5.739845;9.007863;5.488831;5.040659;
0;100000;40000000;4000000;10;0.025000;1;0.000000;0.000273;19.188992;o;0.026435;0.292977;3.502629;5.347074;8.849704;5.168152;4.851404;
0;100000;40000000;3076923;13;0.032500;1;0.000000;0.000230;19.647044;o;0.020411;0.293077;3.327223;5.534087;8.861311;5.395142;5.076828;
0;100000;40000000;2500000;16;0.040000;1;0.000000;0.000276;19.649573;o;0.016617;0.293412;3.269305;5.574449;8.843755;5.416830;5.078636;
0;100000;40000000;2105264;19;0.047500;1;0.000000;0.000264;19.028402;o;0.014197;0.292754;3.127790;5.202194;8.329986;5.260605;5.130550;
0;100000;40000000;1818182;22;0.055000;1;0.000000;0.000218;19.005536;o;0.011855;0.293114;3.306322;5.534483;8.840806;5.106062;4.753436;
0;100000;40000000;1600000;25;0.062500;1;0.000000;0.000258;19.886450;o;0.010694;0.292996;3.818925;5.257969;9.076895;5.415708;5.089851;
0;100000;40000000;1428572;28;0.070000;1;0.000000;0.000216;18.586214;o;0.009626;0.295252;3.126751;5.246145;8.372897;5.151628;4.756547;
0;100000;40000000;1290323;31;0.077500;1;0.000000;0.000193;19.348833;o;0.008493;0.293249;3.110335;5.651426;8.761762;5.370436;4.914654;
0;100000;40000000;1176471;34;0.085000;1;0.000000;0.000213;19.290409;o;0.007846;0.292940;3.301550;5.395743;8.697294;5.165155;5.126914;
0;100000;40000000;1081082;37;0.092500;1;0.000000;0.000134;19.168207;o;0.007592;0.293000;3.301525;5.548579;8.850105;5.132449;4.884881;
0;100000;40000000;1000000;40;0.100000;1;0.000000;0.000189;18.754224;o;0.007283;0.292929;3.137669;5.286589;8.424259;5.267315;4.762200;
0;100000;40000000;930233;43;0.107500;1;0.000000;0.000221;18.298139;o;0.006404;0.293634;3.162965;5.201704;8.364670;4.980759;4.652406;
0;100000;40000000;869566;46;0.115000;1;0.000000;0.000179;18.927560;o;0.005979;0.293338;3.098366;5.492616;8.590983;5.116742;4.920293;
0;100000;40000000;816327;49;0.122500;1;0.000000;0.000251;18.582319;o;0.006184;0.293248;3.116158;5.180903;8.297062;5.238775;4.746754;
0;100000;40000000;769231;52;0.130000;1;0.000000;0.000188;19.363319;o;0.005146;0.293386;3.096962;5.629380;8.726343;5.394505;4.943705;
0;100000;40000000;727273;55;0.137500;1;0.000000;0.000271;19.673732;o;0.005248;0.293008;3.321542;5.640157;8.961700;5.476552;4.936907;
0;100000;40000000;689656;58;0.145000;1;0.000000;0.000240;18.600256;o;0.005021;0.293472;3.200379;5.200115;8.400496;5.140995;4.759986;
0;100000;40000000;655738;61;0.152500;1;0.000000;0.000191;18.519161;o;0.004355;0.292905;3.132269;5.197657;8.329927;5.143029;4.748708;
0;100000;40000000;625000;64;0.160000;1;0.000000;0.000193;18.591411;o;0.004931;0.293162;3.134008;5.222494;8.356503;5.160465;4.776112;
0;100000;40000000;597015;67;0.167500;1;0.000000;0.000282;18.585090;o;0.004555;0.292967;3.126232;5.195874;8.322107;5.144318;4.820814;
0;100000;40000000;571429;70;0.175000;1;0.000000;0.000264;19.385102;o;0.004358;0.293750;3.320779;5.647788;8.968568;5.431508;4.686602;
0;100000;40000000;547946;73;0.182500;1;0.000000;0.000223;19.079024;o;0.004004;0.293127;3.336587;5.533352;8.869940;5.093757;4.817924;
0;100000;40000000;526316;76;0.190000;1;0.000000;0.000198;18.700015;o;0.003696;0.293199;3.166623;5.208315;8.374939;5.159122;4.868814;
0;100000;40000000;506330;79;0.197500;1;0.000000;0.000178;19.145296;o;0.003509;0.293290;3.306803;5.585005;8.891809;5.099772;4.856693;
0;100000;40000000;487805;82;0.205000;1;0.000000;0.000184;19.091454;o;0.003796;0.293236;3.114573;5.320335;8.434909;5.479484;4.879799;
0;100000;40000000;470589;85;0.212500;1;0.000000;0.000163;18.925392;o;0.003709;0.293343;3.174562;5.480865;8.655428;5.211152;4.761551;
0;100000;40000000;454546;88;0.220000;1;0.000000;0.000272;19.309712;o;0.003688;0.293687;3.154008;5.638693;8.792702;5.328655;4.890663;
0;100000;40000000;439561;91;0.227500;1;0.000000;0.000122;18.596076;o;0.003194;0.293419;3.121517;5.233597;8.355115;5.149179;4.795001;
0;100000;40000000;425532;94;0.235000;1;0.000000;0.000235;19.306470;o;0.003375;0.293813;3.157230;5.251532;8.408762;5.389680;5.210561;
0;100000;40000000;412372;97;0.242499;1;0.000000;0.000236;19.425228;o;0.003432;0.293413;3.332687;5.679646;9.012334;5.338710;4.777058;
0;100000;40000000;400000;100;0.250000;1;0.000000;0.000217;19.916444;o;0.003112;0.293689;3.313762;5.666520;8.980282;5.494977;5.144120;
0;100000;40000000;388350;103;0.257500;1;0.000000;0.000214;18.647838;o;0.003372;0.293087;3.176358;5.228297;8.404656;5.163906;4.782558;
0;100000;40000000;377359;106;0.265000;1;0.000000;0.000174;18.594534;o;0.002526;0.293157;3.037888;5.217209;8.255099;5.158329;4.885203;
0;100000;40000000;366973;109;0.272500;1;0.000000;0.000192;19.111509;o;0.003231;0.292900;3.202681;5.650573;8.853256;5.195622;4.766264;
0;100000;40000000;357143;112;0.280000;1;0.000000;0.000175;18.859371;o;0.002964;0.293286;3.090428;5.198465;8.288894;5.308003;4.966002;
0;100000;40000000;347827;115;0.287499;1;0.000000;0.000150;19.250057;o;0.002474;0.293479;2.886387;5.529191;8.415579;5.470027;5.068301;
0;100000;40000000;338984;118;0.294999;1;0.000000;0.000273;18.864864;o;0.002899;0.293832;2.911271;5.446870;8.358143;5.191877;5.017794;
0;100000;40000000;330579;121;0.302500;1;0.000000;0.000268;18.586602;o;0.002850;0.293507;2.891812;5.213343;8.105155;5.394018;4.790758;
0;100000;40000000;322581;124;0.310000;1;0.000000;0.000137;18.935867;o;0.002321;0.293565;2.811246;5.231613;8.042860;5.468205;5.128734;
0;100000;40000000;314961;127;0.317500;1;0.000000;0.000246;18.536366;o;0.002564;0.292957;2.984773;5.211182;8.195956;5.243721;4.800877;
0;100000;40000000;307693;130;0.324999;1;0.000000;0.000237;18.589668;o;0.002407;0.293582;2.944398;5.230463;8.174862;5.333236;4.785294;
0;100000;40000000;300752;133;0.332500;1;0.000000;0.000108;19.216143;o;0.002230;0.293237;2.756072;5.547631;8.303703;5.469374;5.147448;
0;100000;40000000;294118;136;0.340000;1;0.000000;0.000232;18.473686;o;0.002438;0.293543;2.847938;5.299822;8.147761;5.108961;4.920702;
0;100000;40000000;287770;139;0.347500;1;0.000000;0.000227;18.363781;o;0.002446;0.293510;2.874832;5.344672;8.219505;5.114688;4.733360;
0;100000;40000000;281691;142;0.354999;1;0.000000;0.000093;17.965063;o;0.002348;0.292939;2.620488;5.186372;7.806861;5.131908;4.730869;
0;100000;40000000;275863;145;0.362499;1;0.000000;0.000193;18.417687;o;0.001881;0.292956;2.691411;5.191110;7.882522;5.133084;5.107005;
0;100000;40000000;270271;148;0.369999;1;0.000000;0.000206;18.954962;o;0.002082;0.293751;2.801062;5.365134;8.166197;5.482261;5.010421;
0;100000;40000000;264901;151;0.377500;1;0.000000;0.000201;18.303263;o;0.002354;0.293110;2.625434;5.297494;7.922930;5.357894;4.726728;
0;100000;40000000;259741;154;0.384999;1;0.000000;0.000185;18.547885;o;0.002419;0.293136;2.594917;5.489429;8.084347;5.227486;4.940267;
0;100000;40000000;254778;157;0.392499;1;0.000000;0.000220;18.932615;o;0.002517;0.293083;2.671678;5.588097;8.259776;5.265968;5.111006;
0;100000;40000000;250000;160;0.400000;1;0.000000;0.000199;18.558337;o;0.002500;0.293142;2.731655;5.551969;8.283625;5.223335;4.755488;
0;100000;40000000;245399;163;0.407500;1;0.000000;0.000297;18.576471;o;0.002133;0.293178;2.531084;5.484747;8.015832;5.458108;4.806878;
0;100000;40000000;240964;166;0.415000;1;0.000000;0.000181;18.541648;o;0.002226;0.293349;2.510661;5.548215;8.058876;5.404534;4.782435;
0;100000;40000000;236687;169;0.422499;1;0.000000;0.000177;18.157433;o;0.002026;0.294721;2.451899;5.122219;7.574119;5.313043;4.973301;
0;100000;40000000;232559;172;0.429998;1;0.000000;0.000170;18.473251;o;0.001969;0.293205;2.558272;5.176765;7.735039;5.328387;5.114433;
0;100000;40000000;228572;175;0.437499;1;0.000000;0.000151;17.893132;o;0.001671;0.293471;2.518548;5.179241;7.697790;5.157518;4.742485;
0;100000;40000000;224720;178;0.444998;1;0.000000;0.000177;18.411543;o;0.002133;0.292957;2.421623;5.307781;7.729405;5.130423;5.256406;
0;100000;40000000;220995;181;0.452499;1;0.000000;0.000277;18.517551;o;0.002014;0.293065;2.505401;5.377524;7.882926;5.222204;5.117021;
0;100000;40000000;217392;184;0.459999;1;0.000000;0.000141;18.146645;o;0.001607;0.293516;2.518877;5.439070;7.957948;5.141501;4.751887;
0;100000;40000000;213904;187;0.467499;1;0.000000;0.000142;17.947129;o;0.001612;0.293398;2.343899;5.338739;7.682639;5.144349;4.824946;
0;100000;40000000;210527;190;0.474998;1;0.000000;0.000149;17.947065;o;0.001972;0.292907;2.374274;5.305625;7.679900;5.144030;4.828066;
0;100000;40000000;207254;193;0.482500;1;0.000000;0.000133;18.344395;o;0.001541;0.293086;2.321430;5.684163;8.005595;5.195322;4.848676;
0;100000;40000000;204082;196;0.489999;1;0.000000;0.000271;18.269629;o;0.001929;0.292840;2.376635;5.428098;7.804734;5.143378;5.026435;
0;100000;40000000;201006;199;0.497498;1;0.000000;0.000129;17.957016;o;0.001508;0.293067;2.257207;5.311556;7.568764;5.205194;4.888313;
0;100000;40000000;198020;202;0.504999;1;0.000000;0.000147;17.892912;o;0.001935;0.292865;2.294734;5.257986;7.552721;5.215161;4.830040;
0;100000;40000000;195122;205;0.512500;1;0.000000;0.000129;18.178820;o;0.001732;0.293155;2.265285;5.435701;7.700987;5.205530;4.977243;
0;100000;40000000;192308;208;0.519999;1;0.000000;0.000122;18.102996;o;0.001495;0.293331;2.252120;5.416567;7.668688;5.198253;4.941062;
0;100000;40000000;189574;211;0.527498;1;0.000000;0.000264;17.842330;o;0.001839;0.293367;2.297228;5.232239;7.529467;5.189110;4.828241;
0;100000;40000000;186916;214;0.535000;1;0.000000;0.000122;18.146244;o;0.001685;0.293285;2.234866;5.275294;7.510161;5.411341;4.929606;
0;100000;40000000;184332;217;0.542499;1;0.000000;0.000258;17.899228;o;0.002099;0.293404;2.322866;5.261811;7.584678;5.188056;4.830691;
0;100000;40000000;181819;220;0.549998;1;0.000000;0.000229;17.782631;o;0.001421;0.293108;2.223042;5.239433;7.462476;5.200773;4.824582;
0;100000;40000000;179373;223;0.557498;1;0.000000;0.000226;18.323413;o;0.001371;0.293033;2.229396;5.512458;7.741856;5.297862;4.989020;
0;100000;40000000;176992;226;0.564997;1;0.000000;0.000108;17.826245;o;0.001479;0.293062;2.174443;5.249291;7.423736;5.278318;4.829501;
0;100000;40000000;174673;229;0.572498;1;0.000000;0.000248;18.217763;o;0.001943;0.293125;2.325097;5.583569;7.908667;5.125197;4.888541;
0;100000;40000000;172414;232;0.579999;1;0.000000;0.000110;18.406434;o;0.001664;0.292980;2.173478;5.266875;7.440354;5.476042;5.195241;
0;100000;40000000;170213;235;0.587499;1;0.000000;0.000220;17.716548;o;0.001330;0.292980;2.178453;5.232790;7.411244;5.194771;4.815961;
0;100000;40000000;168068;238;0.594997;1;0.000000;0.000234;17.784639;o;0.001844;0.293139;2.226242;5.236744;7.462987;5.202925;4.823466;
0;100000;40000000;165976;241;0.602497;1;0.000000;0.000239;18.339201;o;0.001677;0.293457;2.207142;5.321019;7.528162;5.556497;4.959126;
0;100000;40000000;163935;244;0.609998;1;0.000000;0.000097;18.572666;o;0.001500;0.293143;2.268618;5.471142;7.739762;5.359506;5.178613;
0;100000;40000000;161944;247;0.617497;1;0.000000;0.000094;18.289310;o;0.001514;0.293039;2.127444;5.323095;7.450540;5.404256;5.139827;
0;100000;40000000;160000;250;0.625000;1;0.000000;0.000206;17.901521;o;0.001234;0.293315;2.217251;5.382812;7.600063;5.342308;4.664350;
0;100000;40000000;158103;253;0.632499;1;0.000000;0.000215;17.721390;o;0.001578;0.292699;2.170348;5.234193;7.404542;5.200163;4.822151;
0;100000;40000000;156250;256;0.640000;1;0.000000;0.000233;17.812234;o;0.001894;0.292923;2.239735;5.239706;7.479443;5.207566;4.830135;
0;100000;40000000;154441;259;0.647496;1;0.000000;0.000197;18.431062;o;0.001231;0.293095;2.113431;5.279281;7.392712;5.466301;5.277481;
0;100000;40000000;152672;262;0.654999;1;0.000000;0.000086;18.342394;o;0.001328;0.293108;2.176666;5.594317;7.770984;5.429641;4.847205;
0;100000;40000000;150944;265;0.662497;1;0.000000;0.000084;18.322761;o;0.001385;0.293004;2.194891;5.665247;7.860139;5.126411;5.041698;
0;100000;40000000;149254;268;0.669999;1;0.000000;0.000230;18.194469;o;0.001873;0.293057;2.286838;5.580470;7.867309;5.210063;4.821893;
0;100000;40000000;147602;271;0.677498;1;0.000000;0.000223;18.030614;o;0.001694;0.293201;2.178903;5.503056;7.681960;5.155606;4.897887;
0;100000;40000000;145986;274;0.684997;1;0.000000;0.000221;18.427620;o;0.001737;0.297101;2.165515;5.421980;7.587496;5.497218;5.043802;
0;100000;40000000;144405;277;0.692497;1;0.000000;0.000195;17.858849;o;0.001270;0.296588;2.162036;5.381349;7.543387;5.178388;4.838978;
0;100000;40000000;142858;280;0.699996;1;0.000000;0.000188;17.964968;o;0.001185;0.292747;2.100796;5.243714;7.344511;5.498079;4.828214;
0;100000;40000000;141343;283;0.707499;1;0.000000;0.000211;18.475166;o;0.001627;0.293215;2.159093;5.675888;7.834982;5.443480;4.901605;
0;100000;40000000;139861;286;0.714996;1;0.000000;0.000209;18.305946;o;0.001670;0.293008;2.263135;5.677691;7.940827;5.203343;4.866846;
0;100000;40000000;138409;289;0.722496;1;0.000000;0.000211;17.899505;o;0.001632;0.293067;2.146956;5.301682;7.448640;5.130965;5.024949;
0;100000;40000000;136987;292;0.729996;1;0.000000;0.000207;17.847404;o;0.001634;0.293348;2.240235;5.275052;7.515287;5.210605;4.826280;
0;100000;40000000;135594;295;0.737496;1;0.000000;0.000221;19.137816;o;0.001651;0.296910;2.249357;5.798676;8.048034;5.607536;5.183418;
0;100000;40000000;134229;298;0.744995;1;0.000000;0.000200;17.718510;o;0.001475;0.293070;2.105831;5.263980;7.369812;5.216833;4.837077;
0;100000;40000000;40000000;1;0.002500;1;0.000000;0.001454;21.098688;o;0.261018;0.296774;3.995347;5.804408;9.799757;5.551087;5.188552;
0;100000;40000000;10000000;4;0.010000;1;0.000000;0.000583;19.262318;o;0.066132;0.293009;3.196297;5.353335;8.549633;5.253739;5.099178;
0;100000;40000000;5714286;7;0.017500;1;0.000000;0.000339;18.945546;o;0.036933;0.293378;3.197618;5.246969;8.444589;5.175403;4.994853;
0;100000;40000000;4000000;10;0.025000;1;0.000000;0.000276;20.250205;o;0.026459;0.293048;3.644285;5.682505;9.326791;5.444038;5.159546;
0;100000;40000000;3076923;13;0.032500;1;0.000000;0.000370;19.414944;o;0.020685;0.293214;3.353854;5.670045;9.023900;5.303856;4.772875;
0;100000;40000000;2500000;16;0.040000;1;0.000000;0.000275;18.596301;o;0.016593;0.292846;3.140353;5.221300;8.361654;5.131464;4.793418;
0;100000;40000000;2105264;19;0.047500;1;0.000000;0.000266;18.561111;o;0.013971;0.292790;3.116011;5.218393;8.334406;5.082754;4.836879;
0;100000;40000000;1818182;22;0.055000;1;0.000000;0.000219;18.533765;o;0.012081;0.294901;3.120273;5.205760;8.326034;5.146193;4.754287;
0;100000;40000000;1600000;25;0.062500;1;0.000000;0.000139;19.518927;o;0.010982;0.296685;3.888222;5.325942;9.214165;5.170161;4.826749;
0;100000;40000000;1428572;28;0.070000;1;0.000000;0.000224;18.557916;o;0.009494;0.296443;3.163968;5.202850;8.366820;5.140968;4.743920;
0;100000;40000000;1290323;31;0.077500;1;0.000000;0.000242;18.659530;o;0.009281;0.296619;3.202289;5.266125;8.468415;5.145346;4.739580;
0;100000;40000000;1176471;34;0.085000;1;0.000000;0.000253;18.641198;o;0.008756;0.292644;3.247550;5.191281;8.438832;5.149429;4.751237;
0;100000;40000000;1081082;37;0.092500;1;0.000000;0.000284;19.035995;o;0.007951;0.293502;3.130015;5.192341;8.322357;5.282486;5.129372;
0;100000;40000000;1000000;40;0.100000;1;0.000000;0.000162;19.673257;o;0.006884;0.297523;3.355007;5.651697;9.006706;5.486598;4.875341;
0;100000;40000000;930233;43;0.107500;1;0.000000;0.000248;18.497296;o;0.006711;0.293230;3.120437;5.187573;8.308011;5.136276;4.752776;
0;100000;40000000;869566;46;0.115000;1;0.000000;0.000306;18.965053;o;0.006329;0.292955;3.214438;5.527732;8.742171;5.089530;4.833713;
0;100000;40000000;816327;49;0.122500;1;0.000000;0.000245;18.554872;o;0.005877;0.293610;3.147539;5.211063;8.358603;5.143080;4.753412;
0;100000;40000000;769231;52;0.130000;1;0.000000;0.000228;18.348083;o;0.005991;0.292718;3.160155;5.187797;8.347953;5.139510;4.561638;
0;100000;40000000;727273;55;0.137500;1;0.000000;0.000161;18.483909;o;0.005227;0.292924;3.142858;5.176673;8.319532;5.126112;4.739907;
0;100000;40000000;689656;58;0.145000;1;0.000000;0.000263;18.441444;o;0.004882;0.293167;3.114961;5.170238;8.285200;5.134029;4.723858;
0;100000;40000000;655738;61;0.152500;1;0.000000;0.000255;19.414068;o;0.005367;0.292836;3.157079;5.285259;8.442339;5.483171;5.190056;
0;100000;40000000;625000;64;0.160000;1;0.000000;0.000186;19.487080;o;0.004129;0.292832;3.204293;5.458240;8.662534;5.411890;5.115465;
0;100000;40000000;597015;67;0.167500;1;0.000000;0.000294;19.501604;o;0.004403;0.295171;3.212684;5.564207;8.776892;5.307554;5.117245;
0;100000;40000000;571429;70;0.175000;1;0.000000;0.000130;18.932540;o;0.004195;0.292945;3.240441;5.515337;8.755779;5.128117;4.751328;
0;100000;40000000;547946;73;0.182500;1;0.000000;0.000242;18.798762;o;0.004205;0.296411;3.204519;5.251464;8.455985;5.208136;4.833737;
0;100000;40000000;526316;76;0.190000;1;0.000000;0.000217;18.737551;o;0.003960;0.297463;3.282811;5.174905;8.457717;5.197301;4.780845;
0;100000;40000000;506330;79;0.197500;1;0.000000;0.000215;18.539685;o;0.004240;0.292830;3.198115;5.180660;8.378776;5.124274;4.739304;
0;100000;40000000;487805;82;0.205000;1;0.000000;0.000157;18.580490;o;0.003274;0.292988;3.260742;5.160828;8.421571;5.129836;4.732617;
0;100000;40000000;470589;85;0.212500;1;0.000000;0.000318;19.616733;o;0.003856;0.296473;3.211751;5.626174;8.837926;5.372286;5.105829;
0;100000;40000000;454546;88;0.220000;1;0.000000;0.000165;19.014902;o;0.003619;0.293211;3.268079;5.163809;8.431889;5.200269;5.085700;
0;100000;40000000;439561;91;0.227500;1;0.000000;0.000118;18.703442;o;0.003106;0.293536;3.368469;5.209589;8.578059;5.091229;4.737342;
0;100000;40000000;425532;94;0.235000;1;0.000000;0.000238;19.316680;o;0.003376;0.293302;3.133413;5.219117;8.352531;5.475899;5.191287;
0;100000;40000000;412372;97;0.242499;1;0.000000;0.000246;19.243764;o;0.003636;0.293060;3.356382;5.648855;9.005238;5.098594;4.842941;
0;100000;40000000;400000;100;0.250000;1;0.000000;0.000254;19.748035;o;0.003547;0.297084;3.337619;5.713051;9.050671;5.487554;4.908880;
0;100000;40000000;388350;103;0.257500;1;0.000000;0.000352;18.697332;o;0.003137;0.292945;3.086208;5.201169;8.287378;5.151889;4.961584;
0;100000;40000000;377359;106;0.265000;1;0.000000;0.000338;18.585989;o;0.003199;0.293028;3.145408;5.219467;8.364876;5.154671;4.769834;
0;100000;40000000;366973;109;0.272500;1;0.000000;0.000201;19.189750;o;0.003253;0.292835;3.101417;5.654338;8.755756;5.376806;4.760854;
0;100000;40000000;357143;112;0.280000;1;0.000000;0.000180;19.182446;o;0.002744;0.297000;3.006471;5.273531;8.280003;5.495670;5.106804;
0;100000;40000000;347827;115;0.287499;1;0.000000;0.000166;19.012238;o;0.002419;0.293564;3.099617;5.648534;8.748152;5.246697;4.721195;
0;100000;40000000;338984;118;0.294999;1;0.000000;0.000293;18.396913;o;0.002690;0.296624;2.955766;5.218407;8.174173;5.155736;4.767351;
0;100000;40000000;330579;121;0.302500;1;0.000000;0.000256;18.716644;o;0.002502;0.293390;2.855626;5.263046;8.118673;5.355891;4.945879;
0;100000;40000000;322581;124;0.310000;1;0.000000;0.000275;18.195634;o;0.002642;0.293099;2.834868;5.207023;8.041892;5.117439;4.740241;
0;100000;40000000;314961;127;0.317500;1;0.000000;0.000263;18.184761;o;0.002463;0.293138;2.810926;5.206703;8.017630;5.138670;4.732550;
0;100000;40000000;307693;130;0.324999;1;0.000000;0.000109;18.758126;o;0.002254;0.293163;2.743986;5.191552;7.935540;5.414211;5.112803;
0;100000;40000000;300752;133;0.332500;1;0.000000;0.000114;18.506211;o;0.002465;0.292853;2.878658;5.300248;8.178907;5.143784;4.888041;
0;100000;40000000;294118;136;0.340000;1;0.000000;0.000250;18.034209;o;0.002563;0.293494;2.719538;5.188849;7.908387;5.106102;4.723368;
0;100000;40000000;287770;139;0.347500;1;0.000000;0.000093;18.000017;o;0.002185;0.293456;2.622623;5.184590;7.807213;5.154580;4.742444;
0;100000;40000000;281691;142;0.354999;1;0.000000;0.000223;18.073365;o;0.002324;0.292888;2.665919;5.219232;7.885152;5.149113;4.743619;
0;100000;40000000;275863;145;0.362499;1;0.000000;0.000193;17.818208;o;0.001898;0.293315;2.597331;5.033136;7.630468;5.125019;4.767268;
0;100000;40000000;270271;148;0.369999;1;0.000000;0.000091;19.086186;o;0.002259;0.296559;2.790814;5.462411;8.253226;5.435997;5.098009;
0;100000;40000000;264901;151;0.377500;1;0.000000;0.000239;18.984717;o;0.002611;0.293312;2.708733;5.457725;8.166459;5.474795;5.047254;
0;100000;40000000;259741;154;0.384999;1;0.000000;0.000180;18.071086;o;0.001923;0.293126;2.531065;5.151836;7.682902;5.176712;4.916195;
0;100000;40000000;254778;157;0.392499;1;0.000000;0.000188;18.863830;o;0.001998;0.293831;2.862961;5.282838;8.145800;5.301410;5.120558;
0;100000;40000000;250000;160;0.400000;1;0.000000;0.000229;18.246268;o;0.002683;0.292709;2.540798;5.198574;7.739373;5.451015;4.760213;
0;100000;40000000;245399;163;0.407500;1;0.000000;0.000212;17.943131;o;0.002285;0.293358;2.527647;5.190383;7.718030;5.175061;4.754142;
0;100000;40000000;240964;166;0.415000;1;0.000000;0.000163;18.193994;o;0.001793;0.293448;2.592601;5.460456;8.053058;5.136738;4.708749;
0;100000;40000000;236687;169;0.422499;1;0.000000;0.000178;18.661458;o;0.002143;0.293296;2.559912;5.588836;8.148749;5.477922;4.739125;
0;100000;40000000;232559;172;0.429998;1;0.000000;0.000202;18.283247;o;0.002233;0.292852;2.478803;5.312902;7.791707;5.134378;5.061828;
0;100000;40000000;228572;175;0.437499;1;0.000000;0.000176;18.762195;o;0.001592;0.292872;2.548830;5.585756;8.134587;5.360552;4.972369;
0;100000;40000000;224720;178;0.444998;1;0.000000;0.000321;17.896857;o;0.002203;0.293118;2.549478;5.177191;7.726670;5.142839;4.731660;
0;100000;40000000;220995;181;0.452499;1;0.000000;0.000161;18.238101;o;0.001855;0.293298;2.393379;5.299986;7.693365;5.151603;5.097775;
0;100000;40000000;217392;184;0.459999;1;0.000000;0.000170;18.268206;o;0.001775;0.293197;2.357079;5.302539;7.659619;5.186574;5.126826;
0;100000;40000000;213904;187;0.467499;1;0.000000;0.000305;17.996720;o;0.002038;0.292965;2.582066;5.235398;7.817465;5.144970;4.738930;
0;100000;40000000;210527;190;0.474998;1;0.000000;0.000159;18.564409;o;0.001642;0.293704;2.304144;5.258502;7.562646;5.416377;5.289837;
0;100000;40000000;207254;193;0.482500;1;0.000000;0.000272;18.639651;o;0.001894;0.293263;2.572377;5.592424;8.164803;5.265071;4.914304;
0;100000;40000000;204082;196;0.489999;1;0.000000;0.000312;18.156506;o;0.002046;0.293180;2.432286;5.114174;7.546460;5.205456;5.109006;
0;100000;40000000;201006;199;0.497498;1;0.000000;0.000269;17.811234;o;0.001703;0.293183;2.401041;5.111012;7.512055;5.269051;4.734927;
0;100000;40000000;198020;202;0.504999;1;0.000000;0.000261;18.387757;o;0.001605;0.293166;2.321329;5.289239;7.610570;5.273497;5.208616;
0;100000;40000000;195122;205;0.512500;1;0.000000;0.000257;18.906529;o;0.001835;0.292713;2.344768;5.478694;7.823463;5.578774;5.209441;
0;100000;40000000;192308;208;0.519999;1;0.000000;0.000263;18.279616;o;0.001605;0.293081;2.471118;5.579824;8.050943;5.222421;4.711258;
0;100000;40000000;189574;211;0.527498;1;0.000000;0.000260;18.163629;o;0.001632;0.292999;2.317536;5.456282;7.773820;5.291175;4.803698;
0;100000;40000000;186916;214;0.535000;1;0.000000;0.000118;17.781893;o;0.001508;0.293521;2.206562;5.246077;7.452639;5.199317;4.834747;
0;100000;40000000;184332;217;0.542499;1;0.000000;0.000122;18.041320;o;0.001813;0.292845;2.327546;5.462722;7.790269;5.127206;4.829021;
0;100000;40000000;181819;220;0.549998;1;0.000000;0.000260;18.024300;o;0.001624;0.293213;2.272740;5.532019;7.804760;5.126934;4.797468;
0;100000;40000000;179373;223;0.557498;1;0.000000;0.000271;18.443614;o;0.001912;0.293129;2.319140;5.649251;7.968392;5.175914;5.003951;
0;100000;40000000;176992;226;0.564997;1;0.000000;0.000105;18.656799;o;0.001443;0.293129;2.302993;5.721909;8.024903;5.512175;4.825000;
0;100000;40000000;174673;229;0.572498;1;0.000000;0.000216;18.607340;o;0.001324;0.293529;2.187131;5.310876;7.498008;5.529170;5.285048;
0;100000;40000000;172414;232;0.579999;1;0.000000;0.000122;18.331585;o;0.001533;0.293110;2.324470;5.575422;7.899892;5.318038;4.818845;
0;100000;40000000;170213;235;0.587499;1;0.000000;0.000114;17.590765;o;0.001392;0.292971;2.166019;5.290650;7.456670;5.121416;4.718152;
0;100000;40000000;168068;238;0.594997;1;0.000000;0.000099;18.277810;o;0.001380;0.292421;2.064927;5.236961;7.301889;5.406192;5.275786;
0;100000;40000000;165976;241;0.602497;1;0.000000;0.000240;17.799452;o;0.001820;0.293169;2.227290;5.249314;7.476605;5.195645;4.831930;
0;100000;40000000;163935;244;0.609998;1;0.000000;0.000221;17.952131;o;0.001208;0.293003;2.150058;5.228412;7.378471;5.410793;4.868392;
0;100000;40000000;161944;247;0.617497;1;0.000000;0.000094;18.043191;o;0.001429;0.292931;2.150750;5.290014;7.440765;5.490114;4.817813;
0;100000;40000000;160000;250;0.625000;1;0.000000;0.000232;17.751888;o;0.001727;0.293478;2.198979;5.286604;7.485583;5.121601;4.849222;
0;100000;40000000;158103;253;0.632499;1;0.000000;0.000241;17.680729;o;0.001531;0.293434;2.180356;5.239811;7.420168;5.154962;4.810351;
0;100000;40000000;156250;256;0.640000;1;0.000000;0.000256;17.778288;o;0.001838;0.293222;2.192345;5.303531;7.495877;5.198213;4.788840;
0;100000;40000000;154441;259;0.647496;1;0.000000;0.000200;17.705349;o;0.001222;0.293005;2.117679;5.241981;7.359662;5.194392;4.856826;
0;100000;40000000;152672;262;0.654999;1;0.000000;0.000205;18.636756;o;0.001406;0.293546;2.264144;5.717460;7.981605;5.267804;5.092147;
0;100000;40000000;150944;265;0.662497;1;0.000000;0.000105;18.774597;o;0.001312;0.293024;2.190835;5.719610;7.910445;5.497526;5.072141;
0;100000;40000000;149254;268;0.669999;1;0.000000;0.000238;17.853898;o;0.001659;0.293171;2.281978;5.311076;7.593055;5.172343;4.793390;
0;100000;40000000;147602;271;0.677498;1;0.000000;0.000225;18.591487;o;0.001732;0.293164;2.166638;5.598099;7.764738;5.431658;5.099925;
