min;max;size;buckets;mean_elements_in_bucket;threads;time_allocate_sync;time_deallocate;time_all;error;0;0;0;0;0;0;0;0;
0;2147483647;50000000;50000000;1;42.949673;1;0.000000;0.002381;19.762313;o;0.344232;0.354892;5.948931;4.994456;10.943388;4.405802;3.711570;19.759919;
0;2147483647;50000000;25000000;2;85.899346;1;0.000000;0.000999;18.916236;o;0.180036;0.381660;6.280212;3.828523;10.108736;5.428366;2.816392;18.915224;
0;2147483647;50000000;16666667;3;128.849016;1;0.000000;0.000845;21.994817;o;0.114068;0.354881;5.918034;3.874838;9.792873;7.315589;4.416517;21.993960;
0;2147483647;50000000;12500000;4;171.798692;1;0.000000;0.000704;22.129535;o;0.088397;0.374435;6.426651;4.675467;11.102119;7.108252;3.455581;22.128818;
0;2147483647;50000000;10000000;5;214.748365;1;0.000000;0.000605;22.581618;o;0.069287;0.353960;5.838198;3.834628;9.672827;8.347742;4.137011;22.581000;
0;2147483647;50000000;8333334;6;257.698017;1;0.000000;0.000525;20.956965;o;0.059581;0.365251;6.153191;3.905347;10.058540;6.890134;3.582886;20.956427;
0;2147483647;50000000;7142857;7;300.647717;1;0.000000;0.000518;22.868107;o;0.047074;0.333841;5.596149;3.744886;9.341037;8.267930;4.877659;22.867576;
0;2147483647;50000000;6250000;8;343.597384;1;0.000000;0.000333;21.582087;o;0.044531;0.366094;6.027498;4.112703;10.140202;6.992409;4.038467;21.581738;
0;2147483647;50000000;5555556;9;386.547026;1;0.000000;0.000475;24.894998;o;0.037299;0.335951;5.390628;4.105111;9.495740;8.919283;6.106206;24.894513;
0;2147483647;50000000;5000000;10;429.496729;1;0.000000;0.000403;22.124054;o;0.035178;0.355342;5.604661;4.754349;10.359011;6.957996;4.416077;22.123640;
0;2147483647;50000000;4545455;11;472.446355;1;0.000000;0.000467;26.924701;o;0.030591;0.336170;5.356781;6.828451;12.185233;8.969901;5.402295;26.924223;
0;2147483647;50000000;4166667;12;515.396034;1;0.000000;0.000321;22.349822;o;0.028030;0.334880;5.416586;4.934098;10.350685;6.777283;4.858581;22.349489;
0;2147483647;50000000;3846154;13;558.345726;1;0.000000;0.000416;26.514686;o;0.026603;0.340254;6.224163;7.125753;13.349918;7.672324;5.125123;26.514258;
0;2147483647;50000000;3571429;14;601.295349;1;0.000000;0.000237;26.625500;o;0.024049;0.333267;5.266256;5.112749;10.379006;7.920639;7.968260;26.625252;
0;2147483647;50000000;3333334;15;644.244965;1;0.000000;0.000398;24.710453;o;0.024902;0.386126;6.213193;5.512434;11.725629;7.244447;5.328900;24.710039;
0;2147483647;50000000;3125000;16;687.194767;1;0.000000;0.000420;24.314958;o;0.021107;0.345072;5.304001;5.322525;10.626527;7.933891;5.387897;24.314526;
0;2147483647;50000000;2941177;17;730.144309;1;0.000000;0.000237;23.701634;o;0.019612;0.335545;5.110765;5.613088;10.723855;7.429749;5.192594;23.701384;
0;2147483647;50000000;2777778;18;773.094051;1;0.000000;0.000323;23.341938;o;0.019150;0.335548;4.989592;5.379062;10.368655;6.773989;5.844228;23.341603;
0;2147483647;50000000;2631579;19;816.043770;1;0.000000;0.000322;26.896894;o;0.018431;0.336265;5.085496;6.970324;12.055822;8.056665;6.429343;26.896560;
0;2147483647;50000000;2500000;20;858.993459;1;0.000000;0.000338;27.011850;o;0.017563;0.337202;5.776862;5.907664;11.684528;7.799775;7.172394;27.011501;
0;2147483647;50000000;2380953;21;901.942897;1;0.000000;0.000206;27.757113;o;0.015972;0.338661;5.953091;7.529129;13.482221;7.292468;6.627416;27.756896;
0;2147483647;50000000;2272728;22;944.892502;1;0.000000;0.000323;25.451219;o;0.016639;0.366221;5.626298;6.481574;12.107874;7.533423;5.426692;25.450882;
0;2147483647;50000000;2173913;23;987.842497;1;0.000000;0.000393;27.492358;o;0.015131;0.332797;4.953820;5.679126;10.632946;8.893084;7.617964;27.491954;
0;2147483647;50000000;2083334;24;1030.791821;1;0.000000;0.000379;24.397644;o;0.014815;0.354093;5.228221;6.075892;11.304114;7.155129;5.569066;24.397252;
0;2147483647;50000000;2000000;25;1073.741824;1;0.000000;0.000318;28.494958;o;0.013652;0.334930;4.752896;7.546843;12.299740;9.622888;6.223377;28.494628;
0;2147483647;50000000;1923077;26;1116.691452;1;0.000000;0.000351;23.929621;o;0.013458;0.335168;5.046973;5.928524;10.975498;7.227997;5.377106;23.929258;
0;2147483647;50000000;1851852;27;1159.641077;1;0.000000;0.000332;28.437527;o;0.014181;0.344798;6.073625;8.210741;14.284368;7.826605;5.967194;28.437181;
0;2147483647;50000000;1785715;28;1202.590361;1;0.000000;0.000379;27.690779;o;0.012821;0.338779;4.860498;5.848275;10.708775;8.541177;8.088794;27.690378;
0;2147483647;50000000;1724138;29;1245.540465;1;0.000000;0.000243;24.944749;o;0.012411;0.357780;5.270400;6.434781;11.705182;7.372657;5.496429;24.944492;
0;2147483647;50000000;1666667;30;1288.489931;1;0.000000;0.000228;29.024127;o;0.011537;0.335212;4.594203;8.204881;12.799084;9.945356;5.932663;29.023888;
0;2147483647;50000000;1612904;31;1331.439222;1;0.000000;0.000348;25.895433;o;0.011515;0.337371;4.698263;6.193126;10.891390;7.342035;7.312725;25.895072;
0;2147483647;50000000;1562500;32;1374.389534;1;0.000000;0.000216;27.195326;o;0.011232;0.365755;5.737339;7.341416;13.078756;7.918514;5.820807;27.195098;
0;2147483647;50000000;1515152;33;1417.338753;1;0.000000;0.000366;28.964121;o;0.011283;0.340420;4.515846;6.008924;10.524771;10.191388;7.895846;28.963742;
0;2147483647;50000000;1470589;34;1460.288121;1;0.000000;0.000251;26.224709;o;0.010167;0.349662;5.225276;6.880526;12.105803;8.211556;5.547225;26.224446;
0;2147483647;50000000;1428572;35;1503.237952;1;0.000000;0.000205;28.923904;o;0.009586;0.334998;6.007534;8.150570;14.158105;8.311524;6.109440;28.923688;
0;2147483647;50000000;1388889;36;1546.188102;1;0.000000;0.000179;27.216366;o;0.009346;0.333695;4.455736;6.171055;10.626793;8.106761;8.139546;27.216176;
0;2147483647;50000000;1351352;37;1589.137136;1;0.000000;0.000255;26.480501;o;0.009607;0.337489;5.891421;6.515969;12.407391;7.998138;5.727571;26.480232;
0;2147483647;50000000;1315790;38;1632.086919;1;0.000000;0.000297;29.043353;o;0.009751;0.334737;4.335552;7.500863;11.836417;10.414012;6.448096;29.043045;
0;2147483647;50000000;1282052;39;1675.036307;1;0.000000;0.000251;25.326801;o;0.009522;0.334512;4.629771;6.213990;10.843762;7.708985;6.429722;25.326538;
0;2147483647;50000000;1250000;40;1717.986918;1;0.000000;0.000376;29.139491;o;0.009643;0.387920;5.926353;8.364047;14.290401;8.736136;5.714962;29.139099;
0;2147483647;50000000;1219513;41;1760.935428;1;0.000000;0.000319;29.009912;o;0.008506;0.334780;4.271580;6.068167;10.339748;9.938197;8.388317;29.009579;
0;2147483647;50000000;1190477;42;1803.885037;1;0.000000;0.000216;25.651705;o;0.008552;0.378486;5.122168;6.635556;11.757725;8.008190;5.498489;25.651475;
0;2147483647;50000000;1162791;43;1846.835456;1;0.000000;0.000212;29.486513;o;0.008032;0.336285;5.135738;8.788567;13.924306;9.194337;6.023296;29.486287;
0;2147483647;50000000;1136364;44;1889.785005;1;0.000000;0.000212;29.845443;o;0.007992;0.335202;4.521566;6.215458;10.737025;9.950833;8.814134;29.845219;
0;2147483647;50000000;1111112;45;1932.733736;1;0.000000;0.000315;25.708205;o;0.008501;0.371746;5.115832;6.417081;11.532914;8.218062;5.576622;25.707877;
0;2147483647;50000000;1086957;46;1975.684086;1;0.000000;0.000146;29.338198;o;0.007772;0.335638;4.172678;8.684248;12.856927;10.143445;5.994224;29.338040;
0;2147483647;50000000;1063830;47;2018.634224;1;0.000000;0.000318;27.727151;o;0.007531;0.335424;4.276400;6.157468;10.433870;8.808447;8.141518;27.726821;
0;2147483647;50000000;1041667;48;2061.583641;1;0.000000;0.000252;26.757989;o;0.008404;0.365118;5.457873;6.249663;11.707537;8.979937;5.696692;26.757723;
0;2147483647;50000000;1020409;49;2104.532248;1;0.000000;0.000344;30.182973;o;0.007436;0.336347;4.006632;6.877618;10.884252;12.102174;6.852376;30.182617;
0;2147483647;50000000;1000000;50;2147.483647;1;0.000000;0.000309;25.489544;o;0.007088;0.334086;4.370275;6.223789;10.594065;8.261919;6.292029;25.489222;
0;2147483647;50000000;980393;51;2190.431436;1;0.000000;0.000145;28.821578;o;0.007243;0.362221;5.612601;8.270357;13.882959;8.856758;5.712203;28.821419;
0;2147483647;50000000;961539;52;2233.381742;1;0.000000;0.000298;28.887188;o;0.007307;0.338131;3.902047;6.008207;9.910255;10.913726;7.717429;28.886879;
0;2147483647;50000000;943397;53;2276.330799;1;0.000000;0.000306;24.969494;o;0.007293;0.333410;4.461998;6.086377;10.548376;8.630703;5.449361;24.969177;
0;2147483647;50000000;925926;54;2319.282153;1;0.000000;0.000247;29.434214;o;0.006907;0.342341;5.867784;8.215254;14.083040;9.459149;5.542233;29.433954;
0;2147483647;50000000;909091;55;2362.231775;1;0.000000;0.000270;28.615494;o;0.007169;0.336608;3.868577;5.999517;9.868095;10.530795;7.872513;28.615212;
0;2147483647;50000000;892858;56;2405.179376;1;0.000000;0.000239;25.409199;o;0.007200;0.354225;4.331502;6.530672;10.862175;8.692159;5.493152;25.408948;
0;2147483647;50000000;877193;57;2448.131309;1;0.000000;0.000347;29.952174;o;0.006856;0.334910;5.074797;8.828719;13.903517;9.773938;5.932559;29.951816;
0;2147483647;50000000;862069;58;2491.080931;1;0.000000;0.000303;28.593519;o;0.006356;0.345581;4.050769;6.055346;10.106115;10.328297;7.806823;28.593205;
0;2147483647;50000000;847458;59;2534.029588;1;0.000000;0.000313;25.994102;o;0.006748;0.343453;4.723627;6.438936;11.162563;8.962826;5.518152;25.993777;
0;2147483647;50000000;833334;60;2576.978315;1;0.000000;0.000155;29.845558;o;0.006575;0.338712;3.942246;8.720718;12.662966;10.721873;6.115234;29.845392;
0;2147483647;50000000;819673;61;2619.927272;1;0.000000;0.000233;26.929676;o;0.005561;0.334602;3.683095;6.208853;9.891949;8.877518;7.819767;26.929430;
0;2147483647;50000000;806452;62;2662.878444;1;0.000000;0.000277;27.941775;o;0.006578;0.353837;5.707072;6.929528;12.636601;9.196701;5.747734;27.941487;
0;2147483647;50000000;793651;63;2705.828692;1;0.000000;0.000268;29.316782;o;0.005586;0.336028;3.615755;7.125010;10.740766;11.825675;6.408415;29.316503;
0;2147483647;50000000;781250;64;2748.779068;1;0.000000;0.000213;27.014946;o;0.005460;0.335978;3.697240;6.240708;9.937949;8.973779;7.761517;27.014719;
0;2147483647;50000000;769231;65;2791.727904;1;0.000000;0.000215;28.136991;o;0.005592;0.347473;5.558865;7.063311;12.622178;9.377441;5.784047;28.136764;
0;2147483647;50000000;757576;66;2834.677507;1;0.000000;0.000222;29.487282;o;0.005563;0.340614;3.537991;6.988129;10.526122;12.166797;6.447917;29.487047;
0;2147483647;50000000;746269;67;2877.626763;1;0.000000;0.000179;26.973499;o;0.005160;0.337815;3.610808;6.206067;9.816877;9.109950;7.703471;26.973307;
0;2147483647;50000000;735295;68;2920.574255;1;0.000000;0.000316;28.147647;o;0.005410;0.342758;5.583440;6.989914;12.573356;9.527052;5.698709;28.147320;
0;2147483647;50000000;724638;69;2963.526129;1;0.000000;0.000303;26.020798;o;0.005449;0.333750;3.476781;6.919112;10.395895;9.647795;5.637562;26.020484;
0;2147483647;50000000;714286;70;3006.475903;1;0.000000;0.000160;25.574721;o;0.005075;0.333270;3.618259;6.666489;10.284749;9.508270;5.443157;25.574550;
0;2147483647;50000000;704226;71;3049.423973;1;0.000000;0.000252;26.817990;o;0.005312;0.335782;3.420234;5.962917;9.383152;9.933520;7.159927;26.817726;
0;2147483647;50000000;694445;72;3092.373978;1;0.000000;0.000308;28.561497;o;0.005161;0.333174;3.387929;7.843136;11.231066;10.776251;6.215484;28.561177;
0;2147483647;50000000;684932;73;3135.323867;1;0.000000;0.000294;30.105677;o;0.005658;0.340138;4.242654;7.317138;11.559793;11.301588;6.898161;30.105371;
0;2147483647;50000000;675676;74;3178.274272;1;0.000000;0.000227;28.463482;o;0.004771;0.334234;3.689547;7.447262;11.136810;11.291239;5.696158;28.463243;
0;2147483647;50000000;666667;75;3221.223860;1;0.000000;0.000303;27.501561;o;0.005132;0.336677;3.909526;6.308318;10.217845;9.773697;7.167859;27.501246;
0;2147483647;50000000;657895;76;3264.173838;1;0.000000;0.000226;28.870969;o;0.005107;0.361845;5.070814;7.534746;12.605561;10.249195;5.648989;28.870731;
0;2147483647;50000000;649351;77;3307.123031;1;0.000000;0.000271;29.338475;o;0.005139;0.339205;3.354626;6.029107;9.383734;11.834829;7.775254;29.338192;
0;2147483647;50000000;641026;78;3350.072613;1;0.000000;0.000189;26.078947;o;0.004443;0.335149;3.631009;6.635870;10.266880;10.011614;5.460629;26.078746;
0;2147483647;50000000;632912;79;3393.020905;1;0.000001;0.000211;30.432664;o;0.004754;0.336785;4.606086;8.786434;13.392521;11.188336;5.509907;30.432336;
0;2147483647;50000000;625000;80;3435.973835;1;0.000000;0.000267;29.357350;o;0.005129;0.334284;3.561932;6.042628;9.604562;11.561466;7.851596;29.357071;
0;2147483647;50000000;617284;81;3478.923230;1;0.000000;0.000182;26.760563;o;0.004766;0.356444;4.108482;6.596221;10.704704;10.238428;5.455990;26.760367;
0;2147483647;50000000;609757;82;3521.867969;1;0.000000;0.000207;30.585999;o;0.004524;0.339922;3.661242;8.938485;12.599729;11.899645;5.741924;30.585780;
0;2147483647;50000000;602410;83;3564.820715;1;0.000000;0.000216;29.238816;o;0.004853;0.335133;3.473317;6.011447;9.484765;11.714633;7.699162;29.238588;
0;2147483647;50000000;595239;84;3607.767043;1;0.000000;0.000289;27.042550;o;0.004564;0.356012;4.203057;6.572975;10.776033;10.444107;5.461491;27.042249;
0;2147483647;50000000;588236;85;3650.717819;1;0.000000;0.000137;30.682577;o;0.004125;0.335214;3.527497;8.930339;12.457837;12.167784;5.717429;30.682425;
0;2147483647;50000000;581396;86;3693.667736;1;0.000000;0.000287;29.397212;o;0.004260;0.335590;3.435451;6.031538;9.466990;11.930351;7.659690;29.396913;
0;2147483647;50000000;574713;87;3736.619229;1;0.000000;0.000155;27.086846;o;0.004503;0.352656;4.102753;6.289366;10.392119;10.866629;5.470737;27.086678;
0;2147483647;50000000;568182;88;3779.570009;1;0.000000;0.000258;30.655146;o;0.004449;0.334676;3.040750;8.214445;11.255196;13.059794;6.000726;30.654876;
0;2147483647;50000000;561798;89;3822.519210;1;0.000000;0.000255;28.736341;o;0.004004;0.333739;3.146883;6.281045;9.427929;10.984555;7.985788;28.736061;
0;2147483647;50000000;555556;90;3865.467472;1;0.000000;0.000289;28.576393;o;0.004450;0.363774;5.289440;6.450529;11.739971;11.015619;5.452241;28.576090;
0;2147483647;50000000;549451;91;3908.417033;1;0.000000;0.000262;30.853608;o;0.004332;0.336066;3.044658;8.374653;11.419313;13.160285;5.933308;30.853335;
0;2147483647;50000000;543479;92;3951.364537;1;0.000000;0.000274;29.112279;o;0.004144;0.333939;3.114963;6.215208;9.330173;11.371588;8.071625;29.111500;
0;2147483647;50000000;537635;93;3994.315190;1;0.000000;0.000257;28.542694;o;0.004649;0.365220;5.040682;6.663158;11.703841;10.993143;5.475534;28.542423;
0;2147483647;50000000;531915;94;4037.268449;1;0.000000;0.000193;31.094902;o;0.003560;0.336091;2.966406;8.752554;11.718962;13.109003;5.927050;31.094697;
0;2147483647;50000000;526316;95;4080.217297;1;0.000000;0.000186;29.987126;o;0.003559;0.335037;3.230873;6.144581;9.375455;12.589167;7.683677;29.986929;
0;2147483647;50000000;520834;96;4123.163325;1;0.000000;0.000229;27.577670;o;0.004342;0.353999;4.063270;6.527471;10.590742;11.154247;5.474065;27.577428;
0;2147483647;50000000;515464;97;4166.117609;1;0.000000;0.000248;31.757020;o;0.004531;0.333406;4.542669;8.966595;13.509266;12.274975;5.634552;31.756761;
0;2147483647;50000000;510205;98;4209.060372;1;0.000000;0.000197;30.297589;o;0.003511;0.337765;2.944660;6.032810;8.977471;13.655522;7.323076;30.297381;
0;2147483647;50000000;505051;99;4252.013454;1;0.000000;0.000208;27.311040;o;0.004242;0.335314;3.194841;6.744008;9.938851;11.538721;5.493659;27.310820;
0;2147483647;50000000;50000000;1;42.949673;1;0.000000;0.001940;19.196982;o;0.332904;0.336370;6.436732;4.581302;11.018036;4.335296;3.172390;19.195031;
0;2147483647;50000000;25000000;2;85.899346;1;0.000000;0.000946;16.919938;o;0.165018;0.336455;5.828012;3.375235;9.203248;4.626369;2.587857;16.918980;
0;2147483647;50000000;16666667;3;128.849016;1;0.000000;0.000820;22.477242;o;0.110048;0.336140;5.667267;3.998580;9.665849;7.854816;4.509522;22.476410;
0;2147483647;50000000;12500000;4;171.798692;1;0.000000;0.000682;19.650740;o;0.085977;0.358731;5.849824;4.071312;9.921137;6.111452;3.172715;19.650047;
0;2147483647;50000000;10000000;5;214.748365;1;0.000000;0.000590;23.469120;o;0.067491;0.338348;5.590715;3.668093;9.258809;8.911379;4.892462;23.468518;
0;2147483647;50000000;8333334;6;257.698017;1;0.000000;0.000411;20.257857;o;0.057649;0.353345;5.740541;4.009503;9.750045;6.620248;3.476108;20.257433;
0;2147483647;50000000;7142857;7;300.647717;1;0.000000;0.000406;24.640926;o;0.048231;0.334931;5.484238;4.135707;9.619946;9.438772;5.198599;24.640508;
0;2147483647;50000000;6250000;8;343.597384;1;0.000000;0.000379;20.640561;o;0.043897;0.345221;5.644158;3.996056;9.640215;6.771860;3.838940;20.640170;
0;2147483647;50000000;5555556;9;386.547026;1;0.000000;0.000447;21.981041;o;0.034879;0.331226;5.395129;5.098897;10.494027;6.799871;4.320544;21.980581;
0;2147483647;50000000;5000000;10;429.496729;1;0.000000;0.000402;22.095483;o;0.033428;0.334254;5.374979;4.726050;10.101030;7.098972;4.527211;22.095070;
0;2147483647;50000000;4545455;11;472.446355;1;0.000000;0.000597;22.201508;o;0.030808;0.335964;5.281069;4.623668;9.904738;6.626276;5.303061;22.200899;
0;2147483647;50000000;4166667;12;515.396034;1;0.000000;0.000445;25.708507;o;0.028249;0.336563;5.405448;6.308241;11.713690;7.639830;5.989681;25.708050;
0;2147483647;50000000;3846154;13;558.345726;1;0.000000;0.000381;26.027041;o;0.027094;0.336636;6.247068;5.120257;11.367326;8.071532;6.224025;26.026647;
0;2147483647;50000000;3571429;14;601.295349;1;0.000000;0.000337;26.470258;o;0.024053;0.335940;6.249599;6.862026;13.111626;7.571080;5.427181;26.469910;
0;2147483647;50000000;3333334;15;644.244965;1;0.000000;0.000376;25.658163;o;0.022494;0.337181;6.090232;6.496883;12.587116;7.023484;5.687463;25.657773;
0;2147483647;50000000;3125000;16;687.194767;1;0.000000;0.000305;25.429415;o;0.020907;0.333561;5.171378;5.364340;10.535720;7.059916;7.478959;25.429099;
0;2147483647;50000000;2941177;17;730.144309;1;0.000000;0.000362;25.164902;o;0.020799;0.340335;6.041803;5.971637;12.013441;7.349665;5.440256;25.164528;
0;2147483647;50000000;2777778;18;773.094051;1;0.000000;0.000199;27.293889;o;0.018792;0.334895;5.031277;5.457663;10.488941;8.921855;7.529165;27.293678;
0;2147483647;50000000;2631579;19;816.043770;1;0.000000;0.000318;24.033401;o;0.018893;0.355605;5.277138;5.927947;11.205085;7.166746;5.286706;24.033070;
0;2147483647;50000000;2500000;20;858.993459;1;0.000000;0.000287;28.052640;o;0.016609;0.340235;4.905898;7.909507;12.815406;9.225947;5.654109;28.052341;
0;2147483647;50000000;2380953;21;901.942897;1;0.000000;0.000334;24.583351;o;0.015507;0.333432;5.133108;5.779787;10.912896;7.025934;6.295199;24.583004;
0;2147483647;50000000;2272728;22;944.892502;1;0.000000;0.000184;26.826242;o;0.016710;0.364390;5.821924;7.672928;13.494853;7.581965;5.368089;26.826043;
0;2147483647;50000000;2173913;23;987.842497;1;0.000000;0.000389;27.549652;o;0.015059;0.336711;4.886288;5.686393;10.572682;8.949036;7.675729;27.549250;
0;2147483647;50000000;2083334;24;1030.791821;1;0.000000;0.000277;24.422011;o;0.014880;0.357066;5.208540;6.126852;11.335393;7.314635;5.399713;24.421720;
0;2147483647;50000000;2000000;25;1073.741824;1;0.000000;0.000307;28.990447;o;0.013762;0.335319;4.799692;8.285645;13.085338;9.407164;6.148510;28.990128;
0;2147483647;50000000;1923077;26;1116.691452;1;0.000000;0.000388;26.121236;o;0.013142;0.337203;4.764563;6.099180;10.863744;7.251918;7.654784;26.120836;
0;2147483647;50000000;1851852;27;1159.641077;1;0.000000;0.000309;26.524441;o;0.012671;0.352249;6.061525;6.779732;12.841261;7.620499;5.697407;26.524121;
0;2147483647;50000000;1785715;28;1202.590361;1;0.000000;0.000232;28.551747;o;0.012451;0.337214;4.690467;6.192918;10.883387;10.168064;7.150354;28.551503;
0;2147483647;50000000;1724138;29;1245.540465;1;0.000000;0.000309;24.524185;o;0.012293;0.334374;4.793980;6.478430;11.272412;7.482454;5.422288;24.523864;
0;2147483647;50000000;1666667;30;1288.489931;1;0.000000;0.000240;29.029735;o;0.011978;0.334349;4.921654;8.592825;13.514480;9.147227;6.021414;29.029484;
0;2147483647;50000000;1612904;31;1331.439222;1;0.000000;0.000321;26.601310;o;0.011119;0.333902;4.729335;6.033595;10.762931;7.427967;8.065020;26.600976;
0;2147483647;50000000;1562500;32;1374.389534;1;0.000000;0.000221;26.377369;o;0.010910;0.354844;5.950687;6.532781;12.483469;7.744846;5.783034;26.377135;
0;2147483647;50000000;1515152;33;1417.338753;1;0.000000;0.000333;28.765581;o;0.010555;0.335072;4.522420;7.270145;11.792566;10.152981;6.474031;28.765236;
0;2147483647;50000000;1470589;34;1460.288121;1;0.000000;0.000293;24.361853;o;0.010636;0.335097;4.871380;5.972537;10.843918;7.675200;5.496656;24.361548;
0;2147483647;50000000;1428572;35;1503.237952;1;0.000000;0.000210;28.907689;o;0.009531;0.346519;6.040325;8.247005;14.287331;8.177464;6.086585;28.907466;
0;2147483647;50000000;1388889;36;1546.188102;1;0.000000;0.000221;27.760249;o;0.009674;0.334472;4.593616;5.975836;10.569454;8.723023;8.123363;27.760017;
