min;max;size;buckets;mean_elements_in_bucket;threads;time_allocate_sync;time_deallocate;time_all;error;0;0;0;0;0;0;0;
0;2147483647;10000000;10000000;1;214.748365;1;0.000000;0.000437;3.495985;o;0.063457;0.062656;1.336809;0.745611;2.082421;0.682781;0.604211;
0;2147483647;10000000;5000000;2;429.496729;1;0.000000;0.000232;3.937990;o;0.021615;0.085938;1.226241;0.776198;2.002440;1.183892;0.643853;
0;2147483647;10000000;3333334;3;644.244965;1;0.000000;0.000217;3.863621;o;0.015552;0.060445;1.208496;0.736670;1.945167;1.185883;0.656336;
0;2147483647;10000000;2500000;4;858.993459;1;0.000001;0.000185;4.007675;o;0.010310;0.056441;1.164250;0.771645;1.935896;1.286928;0.717883;
0;2147483647;10000000;2000000;5;1073.741824;1;0.000000;0.000190;4.203536;o;0.008976;0.057541;1.181971;0.825782;2.007754;1.362765;0.766291;
0;2147483647;10000000;1666667;6;1288.489931;1;0.000001;0.000114;4.251841;o;0.006925;0.057890;1.117189;0.875804;1.992994;1.386176;0.807698;
0;2147483647;10000000;1428572;7;1503.237952;1;0.000000;0.000215;4.525432;o;0.006453;0.060090;1.116427;1.018896;2.135324;1.417154;0.906176;
0;2147483647;10000000;1250000;8;1717.986918;1;0.000000;0.000072;5.182695;o;0.006134;0.057913;1.089297;1.129317;2.218615;1.434220;1.465719;
0;2147483647;10000000;1111112;9;1932.733736;1;0.000000;0.000164;5.142606;o;0.004872;0.057540;1.112871;1.247877;2.360749;1.513641;1.205620;
0;2147483647;10000000;1000000;10;2147.483647;1;0.000000;0.000163;5.001899;o;0.005321;0.057862;1.105459;1.187417;2.292877;1.437038;1.208618;
0;2147483647;10000000;909091;11;2362.231775;1;0.000000;0.000138;4.970523;o;0.003811;0.059209;1.051313;1.201611;2.252925;1.464481;1.189940;
0;2147483647;10000000;833334;12;2576.978315;1;0.000000;0.000157;5.009407;o;0.003729;0.057888;1.051752;1.224614;2.276367;1.450689;1.220558;
0;2147483647;10000000;769231;13;2791.727904;1;0.000000;0.000105;5.508332;o;0.003233;0.059113;1.085158;1.487735;2.572894;1.620512;1.252393;
0;2147483647;10000000;714286;14;3006.475903;1;0.000000;0.000166;5.408875;o;0.004411;0.059587;1.002993;1.238680;2.241674;1.590765;1.512253;
0;2147483647;10000000;666667;15;3221.223860;1;0.000000;0.000141;5.476575;o;0.005144;0.062127;1.133145;1.426955;2.560101;1.569419;1.279621;
0;2147483647;10000000;625000;16;3435.973835;1;0.000000;0.000153;5.390401;o;0.003245;0.056846;1.009510;1.263053;2.272563;1.796641;1.260931;
0;2147483647;10000000;588236;17;3650.717819;1;0.000000;0.000153;5.229672;o;0.002960;0.056014;0.945392;1.250701;2.196094;1.523932;1.450500;
0;2147483647;10000000;555556;18;3865.467472;1;0.000000;0.000295;6.740326;o;0.002829;0.062520;1.039889;1.426343;2.466234;2.359062;1.849364;
0;2147483647;10000000;526316;19;4080.217297;1;0.000000;0.000108;8.307406;o;0.003835;0.065212;1.209768;2.010040;3.219809;3.076878;1.941517;
0;2147483647;10000000;500000;20;4294.967294;1;0.000000;0.000113;6.399484;o;0.003210;0.063116;1.309154;2.204662;3.513817;1.542996;1.276205;
0;2147483647;10000000;476191;21;4509.710698;1;0.000000;0.000092;5.155317;o;0.001975;0.059357;0.866325;1.316291;2.182616;1.518778;1.392478;
0;2147483647;10000000;454546;22;4724.458354;1;0.000000;0.000158;5.015554;o;0.002532;0.056561;0.906682;1.262523;2.169206;1.518006;1.269072;
0;2147483647;10000000;434783;23;4939.207943;1;0.000000;0.000138;5.046525;o;0.002428;0.056745;0.871461;1.312155;2.183617;1.542059;1.261515;
0;2147483647;10000000;416667;24;5153.956630;1;0.000000;0.000120;4.936225;o;0.002240;0.059320;0.866249;1.235796;2.102046;1.521351;1.251130;
0;2147483647;10000000;400000;25;5368.709117;1;0.000000;0.000118;5.164866;o;0.001944;0.057043;0.821947;1.256316;2.078264;1.660352;1.367115;
0;2147483647;10000000;384616;26;5583.448549;1;0.000000;0.000098;4.906914;o;0.002469;0.056775;0.800739;1.249984;2.050724;1.538997;1.257819;
0;2147483647;10000000;370371;27;5798.195990;1;0.000000;0.000083;4.865744;o;0.001703;0.056134;0.780313;1.243279;2.023593;1.542215;1.241997;
0;2147483647;10000000;357143;28;6012.951806;1;0.000000;0.000096;5.356584;o;0.001721;0.056988;0.774465;1.278041;2.052507;1.694884;1.550371;
0;2147483647;10000000;344828;29;6227.695103;1;0.000000;0.000070;4.969081;o;0.001519;0.060078;0.757440;1.271279;2.028720;1.569738;1.308936;
0;2147483647;10000000;333334;30;6442.438056;1;0.000000;0.000050;5.169882;o;0.001418;0.073355;0.825078;1.255627;2.080706;1.762424;1.251910;
0;2147483647;10000000;322581;31;6657.191983;1;0.000000;0.000156;4.897234;o;0.001956;0.057899;0.732436;1.264800;1.997237;1.591899;1.248067;
0;2147483647;10000000;312500;32;6871.947670;1;0.000000;0.000052;4.923220;o;0.001582;0.056451;0.742621;1.249609;1.992232;1.606634;1.266247;
0;2147483647;10000000;303031;33;7086.679736;1;0.000000;0.000122;4.896311;o;0.002198;0.060349;0.707919;1.264941;1.972861;1.601210;1.259540;
0;2147483647;10000000;294118;34;7301.435638;1;0.000000;0.000127;4.906075;o;0.001785;0.057215;0.718171;1.268507;1.986679;1.598630;1.261619;
0;2147483647;10000000;285715;35;7516.173974;1;0.000000;0.000104;5.137382;o;0.001677;0.058708;0.673298;1.283474;1.956773;1.734374;1.385726;
0;2147483647;10000000;277778;36;7730.934944;1;0.000000;0.000114;5.193895;o;0.001615;0.056374;0.726788;1.313624;2.040413;1.634489;1.460869;
0;2147483647;10000000;270271;37;7945.668041;1;0.000000;0.000102;5.469647;o;0.001590;0.063269;0.868361;1.368520;2.236882;1.623489;1.544296;
0;2147483647;10000000;263158;38;8160.434594;1;0.000000;0.000114;4.960710;o;0.002156;0.096367;0.705559;1.248831;1.954390;1.627619;1.280040;
0;2147483647;10000000;256411;39;8375.161935;1;0.000000;0.000101;5.452152;o;0.001417;0.058402;0.840636;1.304357;2.144994;1.758087;1.489131;
0;2147483647;10000000;250000;40;8589.934588;1;0.000000;0.000095;4.881972;o;0.001471;0.058434;0.619837;1.271257;1.891094;1.643939;1.286920;
0;2147483647;10000000;243903;41;8804.662702;1;0.000000;0.000078;4.894901;o;0.001340;0.058880;0.625197;1.271847;1.897045;1.649729;1.287810;
0;2147483647;10000000;238096;42;9019.402455;1;0.000000;0.000093;5.423378;o;0.001308;0.058818;0.724129;1.323512;2.047642;1.894596;1.420902;
0;2147483647;10000000;232559;43;9234.145516;1;0.000037;0.000080;5.102008;o;0.001424;0.058518;0.738845;1.311051;2.049897;1.691763;1.300229;
0;2147483647;10000000;227273;44;9448.916708;1;0.000000;0.000084;5.409434;o;0.001515;0.059941;0.583474;1.257472;1.840947;1.754903;1.752025;
0;2147483647;10000000;10000000;1;214.748365;1;0.000000;0.000336;3.501179;o;0.061825;0.076842;1.298781;0.752354;2.051136;0.698944;0.612078;
0;2147483647;10000000;5000000;2;429.496729;1;0.000000;0.000284;3.599534;o;0.020419;0.082174;1.186427;0.687492;1.873919;0.960531;0.662185;
0;2147483647;10000000;3333334;3;644.244965;1;0.000000;0.000207;4.457683;o;0.014216;0.063746;1.268587;0.800558;2.069146;1.570230;0.740118;
0;2147483647;10000000;2500000;4;858.993459;1;0.000000;0.000188;4.620541;o;0.010434;0.058939;1.309010;0.876531;2.185542;1.505636;0.859783;
0;2147483647;10000000;2000000;5;1073.741824;1;0.000000;0.000270;5.095410;o;0.008658;0.061949;1.282497;0.905959;2.188457;1.620369;1.215687;
0;2147483647;10000000;1666667;6;1288.489931;1;0.000000;0.000126;4.873190;o;0.006677;0.060236;1.342366;0.972280;2.314647;1.638499;0.852984;
0;2147483647;10000000;1428572;7;1503.237952;1;0.000000;0.000159;4.703298;o;0.005815;0.058806;1.107494;1.063163;2.170658;1.453333;1.014508;
0;2147483647;10000000;1250000;8;1717.986918;1;0.000000;0.000108;4.759277;o;0.004868;0.056502;1.065796;1.129490;2.195287;1.439274;1.063220;
0;2147483647;10000000;1111112;9;1932.733736;1;0.000001;0.000182;4.958736;o;0.006469;0.058427;1.098052;1.184370;2.282423;1.464528;1.146662;
0;2147483647;10000000;1000000;10;2147.483647;1;0.000000;0.000183;5.311832;o;0.005575;0.057515;1.051096;1.268407;2.319505;1.669552;1.259483;
0;2147483647;10000000;909091;11;2362.231775;1;0.000000;0.000141;5.745348;o;0.007292;0.068245;1.089225;1.246447;2.335672;1.665112;1.668864;
0;2147483647;10000000;833334;12;2576.978315;1;0.000000;0.000159;5.635781;o;0.003731;0.059210;1.141423;1.308943;2.450368;1.690085;1.432206;
0;2147483647;10000000;769231;13;2791.727904;1;0.000000;0.000098;5.138992;o;0.003348;0.062769;1.086635;1.238871;2.325507;1.508301;1.238946;
0;2147483647;10000000;714286;14;3006.475903;1;0.000000;0.000060;5.092233;o;0.002825;0.058639;0.984021;1.253334;2.237356;1.519088;1.274246;
0;2147483647;10000000;666667;15;3221.223860;1;0.000000;0.000125;5.372262;o;0.003680;0.058443;0.986598;1.254950;2.241549;1.606833;1.461613;
0;2147483647;10000000;625000;16;3435.973835;1;0.000000;0.000117;5.245835;o;0.002622;0.058909;1.050927;1.317767;2.368695;1.522999;1.292460;
0;2147483647;10000000;588236;17;3650.717819;1;0.000000;0.000149;4.997464;o;0.003150;0.056634;0.946637;1.239631;2.186268;1.488939;1.262269;
0;2147483647;10000000;555556;18;3865.467472;1;0.000000;0.000053;5.220719;o;0.002217;0.067684;0.902518;1.246990;2.149509;1.486714;1.514523;
0;2147483647;10000000;526316;19;4080.217297;1;0.000000;0.000130;5.199463;o;0.002408;0.061312;0.988354;1.288222;2.276577;1.502403;1.356615;
0;2147483647;10000000;500000;20;4294.967294;1;0.000000;0.000081;6.102871;o;0.002142;0.057811;1.213989;1.474645;2.688635;1.748568;1.605613;
0;2147483647;10000000;476191;21;4509.710698;1;0.000000;0.000073;5.806740;o;0.002167;0.057091;0.905133;1.478452;2.383586;1.769558;1.594246;
0;2147483647;10000000;454546;22;4724.458354;1;0.000000;0.000149;5.200707;o;0.003236;0.058518;0.914343;1.264333;2.178678;1.579155;1.380945;
0;2147483647;10000000;434783;23;4939.207943;1;0.000000;0.000260;5.526297;o;0.002220;0.059321;0.837360;1.273202;2.110563;1.684517;1.669397;
0;2147483647;10000000;416667;24;5153.956630;1;0.000000;0.000132;5.170741;o;0.003587;0.058957;0.833230;1.433248;2.266480;1.529318;1.312241;
0;2147483647;10000000;400000;25;5368.709117;1;0.000000;0.000122;5.122701;o;0.003671;0.058269;0.921181;1.315416;2.236598;1.538415;1.285608;
0;2147483647;10000000;384616;26;5583.448549;1;0.000000;0.000094;4.987572;o;0.001860;0.059204;0.786460;1.294665;2.081127;1.576740;1.268529;
0;2147483647;10000000;370371;27;5798.195990;1;0.000000;0.000094;5.242183;o;0.001790;0.060252;0.799366;1.418459;2.217827;1.648773;1.313424;
0;2147483647;10000000;357143;28;6012.951806;1;0.000000;0.000088;5.160336;o;0.002101;0.057694;0.772209;1.271110;2.043320;1.773969;1.283143;
0;2147483647;10000000;344828;29;6227.695103;1;0.000000;0.000166;5.005076;o;0.002479;0.060159;0.739337;1.262392;2.001730;1.652735;1.287786;
0;2147483647;10000000;333334;30;6442.438056;1;0.000000;0.000151;4.934943;o;0.002902;0.057194;0.753729;1.241177;1.994907;1.606492;1.273272;
0;2147483647;10000000;322581;31;6657.191983;1;0.000000;0.000047;4.860496;o;0.001339;0.061336;0.712517;1.254265;1.966782;1.566560;1.264413;
0;2147483647;10000000;312500;32;6871.947670;1;0.000000;0.000140;4.826791;o;0.002280;0.055444;0.705137;1.256134;1.961273;1.574087;1.233549;
0;2147483647;10000000;303031;33;7086.679736;1;0.000000;0.000132;4.925237;o;0.001779;0.056522;0.733851;1.256472;1.990325;1.627686;1.248775;
0;2147483647;10000000;294118;34;7301.435638;1;0.000000;0.000117;4.876919;o;0.001752;0.057629;0.690192;1.268097;1.958290;1.600039;1.259073;
0;2147483647;10000000;285715;35;7516.173974;1;0.000000;0.000143;4.934285;o;0.001730;0.057710;0.705989;1.263531;1.969521;1.618557;1.286604;
0;2147483647;10000000;277778;36;7730.934944;1;0.000000;0.000035;5.036640;o;0.000996;0.058598;0.684726;1.298720;1.983447;1.687952;1.305593;
0;2147483647;10000000;270271;37;7945.668041;1;0.000000;0.000136;4.892685;o;0.001590;0.059101;0.697015;1.251863;1.948879;1.609598;1.273316;
0;2147483647;10000000;263158;38;8160.434594;1;0.000000;0.000122;5.251015;o;0.001612;0.058973;0.658662;1.471895;2.130557;1.759552;1.300170;
0;2147483647;10000000;256411;39;8375.161935;1;0.000000;0.000114;4.912117;o;0.001477;0.059161;0.660024;1.272751;1.932775;1.641620;1.276951;
0;2147483647;10000000;250000;40;8589.934588;1;0.000000;0.000102;4.861654;o;0.001385;0.058136;0.610307;1.271253;1.881561;1.649426;1.271026;
0;2147483647;10000000;243903;41;8804.662702;1;0.000000;0.000084;4.810384;o;0.001393;0.056942;0.594313;1.255582;1.849896;1.645296;1.256754;
0;2147483647;10000000;238096;42;9019.402455;1;0.000000;0.000099;4.891606;o;0.001304;0.055901;0.599572;1.273967;1.873541;1.668673;1.292064;
0;2147483647;10000000;232559;43;9234.145516;1;0.000000;0.000149;4.979020;o;0.001815;0.055497;0.585415;1.345054;1.930470;1.696316;1.294755;
0;2147483647;10000000;227273;44;9448.916708;1;0.000000;0.000084;4.939670;o;0.001273;0.056498;0.580419;1.295699;1.876119;1.701212;1.304466;
0;2147483647;10000000;10000000;1;214.748365;1;0.000000;0.000439;3.383933;o;0.056507;0.062462;1.233512;0.745493;1.979006;0.674963;0.610537;
0;2147483647;10000000;5000000;2;429.496729;1;0.000000;0.000262;3.503275;o;0.024051;0.072028;1.171663;0.693804;1.865468;0.926967;0.614440;
0;2147483647;10000000;3333334;3;644.244965;1;0.000000;0.000251;3.823225;o;0.013938;0.066638;1.183729;0.728618;1.912349;1.179029;0.651001;
0;2147483647;10000000;2500000;4;858.993459;1;0.000000;0.000176;3.998567;o;0.011186;0.058386;1.170468;0.743633;1.914102;1.313562;0.701137;
0;2147483647;10000000;2000000;5;1073.741824;1;0.000000;0.000214;4.211734;o;0.008008;0.057372;1.161484;0.789678;1.951163;1.339367;0.855590;
0;2147483647;10000000;1666667;6;1288.489931;1;0.000000;0.000126;5.431008;o;0.008476;0.058354;1.366327;1.114899;2.481227;1.833109;1.049673;
0;2147483647;10000000;1428572;7;1503.237952;1;0.000000;0.000118;5.329106;o;0.008362;0.078910;1.276205;1.050966;2.327173;1.600574;1.313946;
0;2147483647;10000000;1250000;8;1717.986918;1;0.000000;0.000167;4.894436;o;0.005752;0.061205;1.178831;1.119553;2.298386;1.447033;1.081849;
0;2147483647;10000000;1111112;9;1932.733736;1;0.000000;0.000160;4.987329;o;0.004799;0.058018;1.062257;1.216551;2.278809;1.462943;1.182579;
0;2147483647;10000000;1000000;10;2147.483647;1;0.000000;0.000195;5.072738;o;0.004557;0.056969;1.080399;1.252503;2.332904;1.456242;1.221849;
0;2147483647;10000000;909091;11;2362.231775;1;0.000000;0.000130;5.026556;o;0.003712;0.056657;1.060621;1.192463;2.253086;1.452574;1.260376;
0;2147483647;10000000;833334;12;2576.978315;1;0.000000;0.000144;5.076075;o;0.004363;0.060269;1.024068;1.220341;2.244409;1.524460;1.242409;
0;2147483647;10000000;769231;13;2791.727904;1;0.000000;0.000101;5.046679;o;0.003177;0.060789;1.063305;1.221538;2.284844;1.462102;1.235633;
0;2147483647;10000000;714286;14;3006.475903;1;0.000000;0.000159;4.973655;o;0.003720;0.058877;0.986591;1.225443;2.212035;1.452195;1.246640;
0;2147483647;10000000;666667;15;3221.223860;1;0.000000;0.000114;4.955802;o;0.003036;0.069553;0.951091;1.229150;2.180242;1.469179;1.233647;
0;2147483647;10000000;625000;16;3435.973835;1;0.000000;0.000084;4.958080;o;0.002528;0.057937;0.925941;1.230686;2.156629;1.504630;1.236252;
0;2147483647;10000000;588236;17;3650.717819;1;0.000000;0.000086;5.016628;o;0.002490;0.056607;0.917873;1.263281;2.181155;1.516210;1.260060;
0;2147483647;10000000;555556;18;3865.467472;1;0.000000;0.000128;4.981281;o;0.002614;0.055821;0.935266;1.247698;2.182965;1.492185;1.247549;
0;2147483647;10000000;526316;19;4080.217297;1;0.000000;0.000099;5.013344;o;0.002609;0.061267;0.905037;1.237208;2.142246;1.515192;1.291909;
0;2147483647;10000000;500000;20;4294.967294;1;0.000000;0.000218;5.837523;o;0.003459;0.062714;0.892138;1.324851;2.216990;2.184144;1.369979;
0;2147483647;10000000;476191;21;4509.710698;1;0.000000;0.000110;5.377343;o;0.002814;0.057808;0.885698;1.351664;2.237363;1.665578;1.413649;
0;2147483647;10000000;454546;22;4724.458354;1;0.000000;0.000077;5.569313;o;0.001760;0.057235;0.846921;1.423284;2.270206;1.791728;1.448290;
0;2147483647;10000000;434783;23;4939.207943;1;0.000000;0.000150;5.433755;o;0.002420;0.058810;0.951849;1.300740;2.252590;1.761256;1.358503;
0;2147483647;10000000;416667;24;5153.956630;1;0.000000;0.000152;5.598894;o;0.002159;0.059720;0.888548;1.333937;2.222486;2.022924;1.291414;
0;2147483647;10000000;400000;25;5368.709117;1;0.000000;0.000120;5.235750;o;0.001990;0.056769;0.836578;1.318184;2.154763;1.699062;1.323026;
0;2147483647;10000000;384616;26;5583.448549;1;0.000000;0.000106;5.157536;o;0.002127;0.057336;0.825405;1.317078;2.142484;1.640744;1.314718;
0;2147483647;10000000;370371;27;5798.195990;1;0.000000;0.000095;5.652234;o;0.001968;0.056699;0.768187;1.353953;2.122140;1.876028;1.595240;
0;2147483647;10000000;357143;28;6012.951806;1;0.000000;0.000189;5.048458;o;0.002931;0.059668;0.797668;1.283106;2.080776;1.638774;1.266093;
0;2147483647;10000000;344828;29;6227.695103;1;0.000000;0.000145;5.241518;o;0.002118;0.059928;0.752032;1.346630;2.098662;1.755752;1.324887;
0;2147483647;10000000;333334;30;6442.438056;1;0.000000;0.000159;5.393373;o;0.002081;0.058718;0.852628;1.328094;2.180723;1.829681;1.321993;
0;2147483647;10000000;322581;31;6657.191983;1;0.000000;0.000138;5.293981;o;0.001940;0.059144;0.758374;1.407581;2.165957;1.690094;1.376688;
0;2147483647;10000000;312500;32;6871.947670;1;0.000000;0.000150;4.976621;o;0.002007;0.059197;0.715264;1.282557;1.997821;1.619648;1.297779;
0;2147483647;10000000;303031;33;7086.679736;1;0.000000;0.000172;4.980986;o;0.001873;0.057234;0.714105;1.310248;2.024354;1.621874;1.275460;
0;2147483647;10000000;294118;34;7301.435638;1;0.000000;0.000142;4.919608;o;0.001761;0.056173;0.732224;1.249768;1.981992;1.605075;1.274444;
0;2147483647;10000000;285715;35;7516.173974;1;0.000000;0.000113;4.863098;o;0.001756;0.056103;0.658863;1.265113;1.923977;1.604280;1.276850;
0;2147483647;10000000;277778;36;7730.934944;1;0.000000;0.000106;5.020648;o;0.001556;0.057628;0.690249;1.270908;1.961158;1.614644;1.385537;
0;2147483647;10000000;270271;37;7945.668041;1;0.000000;0.000107;5.727479;o;0.001633;0.061400;0.820822;1.543720;2.364543;1.859778;1.439999;
0;2147483647;10000000;263158;38;8160.434594;1;0.000000;0.000109;5.912779;o;0.001538;0.057661;0.941031;1.883964;2.824996;1.737135;1.291321;
0;2147483647;10000000;256411;39;8375.161935;1;0.000000;0.000205;5.040133;o;0.001681;0.058450;0.622982;1.235980;1.858963;1.630724;1.490043;
0;2147483647;10000000;250000;40;8589.934588;1;0.000000;0.000102;6.104500;o;0.001418;0.064546;0.781024;1.739015;2.520041;1.810543;1.707832;
0;2147483647;10000000;243903;41;8804.662702;1;0.000000;0.000202;5.346826;o;0.001364;0.057161;0.713556;1.344403;2.057961;1.866304;1.363812;
0;2147483647;10000000;238096;42;9019.402455;1;0.000000;0.000078;5.128852;o;0.001292;0.057813;0.675081;1.388611;2.063692;1.733268;1.272691;
0;2147483647;10000000;232559;43;9234.145516;1;0.000000;0.000092;5.084672;o;0.001256;0.055879;0.603355;1.297894;1.901250;1.764372;1.361803;
0;2147483647;10000000;227273;44;9448.916708;1;0.000000;0.000070;5.660057;o;0.001254;0.056922;0.700249;1.403814;2.104065;2.067060;1.430666;
0;2147483647;10000000;10000000;1;214.748365;1;0.000000;0.000572;3.751234;o;0.057623;0.064019;1.305079;0.907880;2.212960;0.738638;0.677399;
0;2147483647;10000000;5000000;2;429.496729;1;0.000000;0.000251;3.779800;o;0.022338;0.077329;1.235663;0.747881;1.983545;1.016218;0.680090;
0;2147483647;10000000;3333334;3;644.244965;1;0.000000;0.000206;4.023348;o;0.016693;0.068307;1.217627;0.775059;1.992687;1.270141;0.675294;
0;2147483647;10000000;2500000;4;858.993459;1;0.000000;0.000247;4.119791;o;0.009695;0.058857;1.144603;0.745408;1.890012;1.439111;0.721850;
0;2147483647;10000000;2000000;5;1073.741824;1;0.000001;0.000169;4.684454;o;0.009461;0.058023;1.145702;0.831088;1.976791;1.680637;0.959345;
0;2147483647;10000000;1666667;6;1288.489931;1;0.000000;0.000216;4.591589;o;0.010279;0.063289;1.254580;0.947672;2.202252;1.468223;0.847307;
0;2147483647;10000000;1428572;7;1503.237952;1;0.000000;0.000180;5.939911;o;0.006752;0.056436;1.089737;1.061189;2.150927;2.382527;1.343066;
0;2147483647;10000000;1250000;8;1717.986918;1;0.000000;0.000166;5.811463;o;0.006036;0.073729;1.311494;1.419421;2.730916;1.708941;1.291653;
0;2147483647;10000000;1111112;9;1932.733736;1;0.000000;0.000173;5.396935;o;0.004801;0.062535;1.348572;1.252558;2.601131;1.552854;1.175419;
0;2147483647;10000000;1000000;10;2147.483647;1;0.000000;0.000083;5.007961;o;0.004531;0.057800;1.034011;1.205179;2.239191;1.452305;1.254023;
0;2147483647;10000000;909091;11;2362.231775;1;0.000000;0.000154;5.006933;o;0.003762;0.060297;1.036242;1.223394;2.259637;1.456956;1.226097;
0;2147483647;10000000;833334;12;2576.978315;1;0.000000;0.000148;5.075894;o;0.004881;0.060880;1.009553;1.266711;2.276265;1.481325;1.252376;
0;2147483647;10000000;769231;13;2791.727904;1;0.000000;0.000100;5.368349;o;0.004657;0.056498;0.989039;1.238279;2.227320;1.767927;1.311822;
0;2147483647;10000000;714286;14;3006.475903;1;0.000000;0.000063;5.072454;o;0.002776;0.058471;0.981796;1.254037;2.235835;1.502164;1.273116;
0;2147483647;10000000;666667;15;3221.223860;1;0.000000;0.000122;5.391904;o;0.003029;0.057114;0.980485;1.225173;2.205659;1.865387;1.260570;
0;2147483647;10000000;625000;16;3435.973835;1;0.000000;0.000207;5.392451;o;0.003430;0.061088;0.994415;1.461049;2.455464;1.630697;1.241544;
0;2147483647;10000000;588236;17;3650.717819;1;0.000000;0.000142;5.045401;o;0.003867;0.056336;0.918574;1.291274;2.209849;1.503108;1.272058;
0;2147483647;10000000;555556;18;3865.467472;1;0.000000;0.000147;6.142442;o;0.002799;0.061198;1.291267;1.705224;2.996492;1.807757;1.274024;
0;2147483647;10000000;526316;19;4080.217297;1;0.000000;0.000123;6.053072;o;0.002396;0.058695;1.140889;1.438322;2.579213;1.786074;1.626552;
0;2147483647;10000000;500000;20;4294.967294;1;0.000000;0.000203;5.101689;o;0.005140;0.063137;0.935021;1.245772;2.180795;1.575916;1.276467;
0;2147483647;10000000;476191;21;4509.710698;1;0.000000;0.000077;4.999414;o;0.001954;0.060267;0.884493;1.270118;2.154612;1.497900;1.284588;
0;2147483647;10000000;454546;22;4724.458354;1;0.000000;0.000159;5.929346;o;0.002440;0.060385;1.335361;1.554068;2.889431;1.602137;1.374775;
0;2147483647;10000000;434783;23;4939.207943;1;0.000000;0.000145;5.174364;o;0.002335;0.055697;0.917815;1.324359;2.242174;1.590324;1.283670;
0;2147483647;10000000;416667;24;5153.956630;1;0.000000;0.000043;4.965899;o;0.001576;0.057260;0.791324;1.259856;2.051181;1.559265;1.296547;
0;2147483647;10000000;400000;25;5368.709117;1;0.000000;0.000131;4.903434;o;0.002002;0.056067;0.788434;1.252758;2.041194;1.545966;1.258054;
0;2147483647;10000000;384616;26;5583.448549;1;0.000000;0.000110;4.957364;o;0.001878;0.057466;0.780709;1.252665;2.033375;1.583955;1.280561;
0;2147483647;10000000;370371;27;5798.195990;1;0.000000;0.000148;5.106792;o;0.001786;0.055311;0.765748;1.369670;2.135419;1.625597;1.288511;
0;2147483647;10000000;357143;28;6012.951806;1;0.000000;0.000099;5.051699;o;0.001660;0.055628;0.783020;1.257988;2.041009;1.589082;1.364202;
0;2147483647;10000000;344828;29;6227.695103;1;0.000000;0.000068;5.202012;o;0.001574;0.055260;0.751112;1.346762;2.097875;1.604693;1.442515;
0;2147483647;10000000;333334;30;6442.438056;1;0.000000;0.000173;5.371720;o;0.002148;0.080069;0.988603;1.345102;2.333706;1.650658;1.304946;
0;2147483647;10000000;322581;31;6657.191983;1;0.000000;0.000048;5.103037;o;0.001414;0.056196;0.711417;1.347703;2.059121;1.635935;1.350305;
0;2147483647;10000000;312500;32;6871.947670;1;0.000000;0.000050;5.320542;o;0.001274;0.058919;0.703600;1.307629;2.011230;1.800287;1.448761;
0;2147483647;10000000;303031;33;7086.679736;1;0.000000;0.000139;5.003182;o;0.001878;0.055572;0.728717;1.305686;2.034404;1.626623;1.284547;
0;2147483647;10000000;294118;34;7301.435638;1;0.000000;0.000116;6.021656;o;0.001706;0.056481;0.714510;1.601964;2.316475;2.132581;1.514276;
0;2147483647;10000000;285715;35;7516.173974;1;0.000000;0.000118;5.332204;o;0.001679;0.055567;0.661966;1.336137;1.998104;1.901354;1.375360;
0;2147483647;10000000;277778;36;7730.934944;1;0.000000;0.000033;5.306352;o;0.000981;0.055779;0.695551;1.288155;1.983707;1.747610;1.518222;
0;2147483647;10000000;270271;37;7945.668041;1;0.000000;0.000112;5.888423;o;0.001573;0.055961;0.714932;1.324896;2.039829;1.959960;1.830969;
0;2147483647;10000000;263158;38;8160.434594;1;0.000000;0.000114;5.369828;o;0.001508;0.064540;0.643422;1.275925;1.919348;1.664256;1.720044;
0;2147483647;10000000;256411;39;8375.161935;1;0.000000;0.000106;5.392765;o;0.001475;0.058806;0.615588;1.497535;2.113124;1.816637;1.402588;
0;2147483647;10000000;250000;40;8589.934588;1;0.000000;0.000104;5.247084;o;0.001441;0.059518;0.720186;1.333283;2.053470;1.757059;1.375472;
0;2147483647;10000000;243903;41;8804.662702;1;0.000000;0.000097;4.989001;o;0.001340;0.058173;0.633663;1.280710;1.914374;1.693738;1.321259;
0;2147483647;10000000;238096;42;9019.402455;1;0.000000;0.000096;5.091774;o;0.001264;0.057363;0.688311;1.331787;2.020099;1.703745;1.309188;
0;2147483647;10000000;232559;43;9234.145516;1;0.000000;0.000170;5.141610;o;0.001864;0.062696;0.664978;1.334969;1.999949;1.777180;1.299731;
0;2147483647;10000000;227273;44;9448.916708;1;0.000001;0.000075;5.160817;o;0.001337;0.058989;0.605121;1.324774;1.929897;1.772896;1.397593;
0;2147483647;10000000;10000000;1;214.748365;1;0.000000;0.000430;3.478543;o;0.057303;0.068113;1.247571;0.748289;1.995861;0.690844;0.665971;
0;2147483647;10000000;5000000;2;429.496729;1;0.000000;0.000301;3.736799;o;0.022300;0.075826;1.240866;0.731488;1.972354;0.957918;0.708072;
0;2147483647;10000000;3333334;3;644.244965;1;0.000000;0.000128;4.155614;o;0.016703;0.075049;1.242996;0.841759;2.084756;1.236052;0.742904;
0;2147483647;10000000;2500000;4;858.993459;1;0.000000;0.000179;4.180095;o;0.010926;0.057656;1.149857;0.765915;1.915773;1.450109;0.745433;
0;2147483647;10000000;2000000;5;1073.741824;1;0.000000;0.000200;4.269466;o;0.010579;0.057756;1.120827;0.875346;1.996175;1.435902;0.768830;
0;2147483647;10000000;1666667;6;1288.489931;1;0.000000;0.000112;4.358292;o;0.006629;0.055401;1.089510;0.948944;2.038455;1.415683;0.841991;
0;2147483647;10000000;1428572;7;1503.237952;1;0.000000;0.000225;4.655424;o;0.006702;0.057207;1.117776;1.044564;2.162341;1.463307;0.965621;
0;2147483647;10000000;1250000;8;1717.986918;1;0.000000;0.000176;5.131394;o;0.006055;0.057441;1.077126;1.164466;2.241593;1.747101;1.079008;
0;2147483647;10000000;1111112;9;1932.733736;1;0.000000;0.000171;5.104434;o;0.004929;0.056423;1.206182;1.213006;2.419190;1.454674;1.169028;
0;2147483647;10000000;1000000;10;2147.483647;1;0.000000;0.000180;5.018557;o;0.004415;0.056087;1.094669;1.184847;2.279517;1.463789;1.214546;
0;2147483647;10000000;909091;11;2362.231775;1;0.000000;0.000126;5.012040;o;0.004773;0.056478;1.045960;1.220429;2.266391;1.464692;1.219552;
0;2147483647;10000000;833334;12;2576.978315;1;0.000000;0.000062;6.638015;o;0.003093;0.059117;1.164959;2.212124;3.377084;1.580883;1.617757;
0;2147483647;10000000;769231;13;2791.727904;1;0.000000;0.000111;4.991684;o;0.003289;0.079556;1.015987;1.248682;2.264670;1.413856;1.230183;
0;2147483647;10000000;714286;14;3006.475903;1;0.000000;0.000179;6.351630;o;0.005114;0.057832;0.991172;1.485594;2.476767;2.041979;1.769741;
0;2147483647;10000000;666667;15;3221.223860;1;0.000000;0.000117;6.063613;o;0.004940;0.060148;1.362467;1.729677;3.092146;1.563366;1.342866;
0;2147483647;10000000;625000;16;3435.973835;1;0.000000;0.000090;5.083500;o;0.002594;0.059762;0.937810;1.324554;2.262364;1.493493;1.265178;
0;2147483647;10000000;588236;17;3650.717819;1;0.000000;0.000171;5.052054;o;0.002988;0.056822;0.961629;1.251564;2.213195;1.511211;1.267646;
0;2147483647;10000000;555556;18;3865.467472;1;0.000000;0.000050;5.108511;o;0.002200;0.056046;0.913495;1.279351;2.192847;1.557052;1.300289;
0;2147483647;10000000;526316;19;4080.217297;1;0.000000;0.000111;5.193976;o;0.002380;0.058847;0.910703;1.273033;2.183737;1.613654;1.335228;
0;2147483647;10000000;500000;20;4294.967294;1;0.000000;0.000095;5.030854;o;0.002638;0.057362;0.897664;1.273045;2.170711;1.521441;1.278590;
0;2147483647;10000000;476191;21;4509.710698;1;0.000000;0.000066;5.065831;o;0.001972;0.057046;0.899883;1.271504;2.171388;1.531607;1.303732;
0;2147483647;10000000;454546;22;4724.458354;1;0.000000;0.000160;5.033490;o;0.002543;0.057560;0.880534;1.267033;2.147570;1.544862;1.280772;
0;2147483647;10000000;434783;23;4939.207943;1;0.000000;0.000054;5.130985;o;0.001764;0.060730;0.897621;1.300868;2.198490;1.560020;1.309908;
0;2147483647;10000000;416667;24;5153.956630;1;0.000000;0.000168;4.928284;o;0.002607;0.056276;0.812144;1.249379;2.061525;1.535808;1.271876;
0;2147483647;10000000;400000;25;5368.709117;1;0.000000;0.000126;5.151183;o;0.001998;0.059671;0.794851;1.282300;2.077151;1.699319;1.312898;
0;2147483647;10000000;384616;26;5583.448549;1;0.000000;0.000100;4.976646;o;0.001878;0.056563;0.808364;1.266599;2.074964;1.572750;1.270372;
0;2147483647;10000000;370371;27;5798.195990;1;0.000000;0.000096;4.946882;o;0.001767;0.058244;0.760858;1.293204;2.054063;1.569436;1.263241;
0;2147483647;10000000;357143;28;6012.951806;1;0.000000;0.000088;4.979507;o;0.001822;0.057440;0.752591;1.303528;2.056121;1.591554;1.272461;
0;2147483647;10000000;344828;29;6227.695103;1;0.000000;0.000081;4.936605;o;0.001499;0.056431;0.730409;1.287787;2.018197;1.583673;1.276691;
0;2147483647;10000000;333334;30;6442.438056;1;0.000000;0.000065;4.909696;o;0.001502;0.057264;0.735375;1.256700;1.992076;1.586883;1.271887;
0;2147483647;10000000;322581;31;6657.191983;1;0.000000;0.000069;4.981742;o;0.001416;0.058521;0.718410;1.290297;2.008709;1.633118;1.279887;
0;2147483647;10000000;312500;32;6871.947670;1;0.000000;0.000178;5.116939;o;0.001852;0.059804;0.706140;1.268210;1.974351;1.609671;1.471066;
0;2147483647;10000000;303031;33;7086.679736;1;0.000001;0.000120;4.986463;o;0.002895;0.059836;0.779758;1.288404;2.068162;1.597548;1.257864;
0;2147483647;10000000;294118;34;7301.435638;1;0.000000;0.000126;5.241179;o;0.001963;0.056832;0.687425;1.454916;2.142342;1.744583;1.295281;
0;2147483647;10000000;285715;35;7516.173974;1;0.000000;0.000108;4.923923;o;0.002007;0.056672;0.669343;1.278759;1.948117;1.640271;1.276726;
0;2147483647;10000000;277778;36;7730.934944;1;0.000000;0.000109;4.886041;o;0.001567;0.056696;0.659612;1.262125;1.921738;1.635996;1.269915;
0;2147483647;10000000;270271;37;7945.668041;1;0.000000;0.000121;5.151746;o;0.001887;0.059208;0.837678;1.296724;2.134404;1.653967;1.302128;
0;2147483647;10000000;263158;38;8160.434594;1;0.000000;0.000105;4.914530;o;0.001491;0.056643;0.640784;1.277492;1.918277;1.650647;1.287347;
0;2147483647;10000000;256411;39;8375.161935;1;0.000000;0.000084;4.934659;o;0.001409;0.057096;0.617462;1.282485;1.899948;1.668964;1.307139;
0;2147483647;10000000;250000;40;8589.934588;1;0.000000;0.000174;4.994212;o;0.001951;0.056419;0.660160;1.290646;1.950807;1.681947;1.302883;
0;2147483647;10000000;243903;41;8804.662702;1;0.000000;0.000087;6.153040;o;0.002147;0.059189;0.656630;2.033020;2.689651;1.987785;1.414160;
0;2147483647;10000000;238096;42;9019.402455;1;0.000000;0.000115;5.143927;o;0.001394;0.059544;0.706399;1.280130;1.986530;1.723596;1.372730;
0;2147483647;10000000;232559;43;9234.145516;1;0.000000;0.000102;5.235506;o;0.001644;0.057446;0.683345;1.430787;2.114133;1.746312;1.315849;
0;2147483647;10000000;227273;44;9448.916708;1;0.000000;0.000098;5.934220;o;0.001288;0.058635;0.583578;1.294089;1.877669;2.156569;1.839942;
