min;max;size;buckets;mean_elements_in_bucket;threads;time_allocate_sync;time_deallocate;time_all;error;
0;0;0;0;0;0;0;0;0;0;
0;100000;50000000;50000000;1;0.002000;1;0.000000;0.002081;34.303069;o;0.363561;0.393835;5.351562;9.431294;14.782856;9.147447;9.613229;
0;100000;50000000;25000000;2;0.004000;1;0.000000;0.001347;41.982509;o;0.185465;0.394577;6.162431;11.590787;17.753220;12.385162;11.262676;
0;100000;50000000;16666667;3;0.006000;1;0.000000;0.000960;40.399354;o;0.131202;0.402315;6.608878;11.166506;17.775385;10.668763;11.420675;
0;100000;50000000;12500000;4;0.008000;1;0.000000;0.000994;39.412190;o;0.096360;0.401394;6.866745;11.159988;18.026734;10.497863;10.388775;
0;100000;50000000;10000000;5;0.010000;1;0.000000;0.000791;38.924362;o;0.079963;0.404471;6.773337;11.049673;17.823012;10.393801;10.222235;
0;100000;50000000;8333334;6;0.012000;1;0.000000;0.000894;37.525436;o;0.062566;0.402368;6.417359;10.580356;16.997717;10.318540;9.743294;
0;100000;50000000;7142857;7;0.014000;1;0.000000;0.000774;35.229707;o;0.056716;0.396738;5.978432;10.030565;16.008998;9.392186;9.374229;
0;100000;50000000;6250000;8;0.016000;1;0.000000;0.000397;36.548268;o;0.049859;0.395866;6.092816;10.464598;16.557415;10.062307;9.482354;
0;100000;50000000;5555556;9;0.018000;1;0.000000;0.000490;29.518403;o;0.040603;0.391886;5.332605;5.813610;11.146216;8.357861;9.581297;
0;100000;50000000;5000000;10;0.020000;1;0.000000;0.000436;34.626936;o;0.034357;0.394074;6.054044;9.308231;15.362277;8.874093;9.961639;
0;100000;50000000;4545455;11;0.022000;1;0.000000;0.000553;39.289262;o;0.038209;0.407069;6.737879;11.223383;17.961263;10.712392;10.169714;
0;100000;50000000;4166667;12;0.024000;1;0.000000;0.000353;38.278998;o;0.032678;0.409635;6.677106;10.940165;17.617272;10.155889;10.063109;
0;100000;50000000;3846154;13;0.026000;1;0.000000;0.000443;39.797039;o;0.028418;0.400060;6.855020;11.467662;18.322683;10.714508;10.330684;
0;100000;50000000;3571429;14;0.028000;1;0.000000;0.000542;37.522465;o;0.028901;0.408405;6.532564;10.738133;17.270698;9.977210;9.836648;
0;100000;50000000;3333334;15;0.030000;1;0.000000;0.000521;37.519518;o;0.027511;0.398291;6.548706;10.567732;17.116440;9.826384;10.150300;
0;100000;50000000;3125000;16;0.032000;1;0.000000;0.000358;37.517419;o;0.026686;0.399677;6.674714;10.757545;17.432261;9.970029;9.688345;
0;100000;50000000;2941177;17;0.034000;1;0.000000;0.000492;35.869748;o;0.021722;0.397549;6.495786;10.605128;17.100916;9.650898;8.698105;
0;100000;50000000;2777778;18;0.036000;1;0.000000;0.000264;28.499020;o;0.019621;0.389371;2.950789;6.379422;9.330213;9.534419;9.225073;
0;100000;50000000;2631579;19;0.038000;1;0.000000;0.000488;36.418292;o;0.019135;0.393696;5.888691;10.149579;16.038273;9.979753;9.986883;
0;100000;50000000;2500000;20;0.040000;1;0.000000;0.000378;38.656097;o;0.019217;0.397887;6.403675;10.872982;17.276659;10.178160;10.783738;
0;100000;50000000;2380953;21;0.042000;1;0.000000;0.000365;37.744713;o;0.019097;0.399108;6.600558;10.506160;17.106719;9.929772;10.289590;
0;100000;50000000;2272728;22;0.044000;1;0.000000;0.000365;37.629418;o;0.016270;0.399406;6.541694;10.215986;16.757682;10.030322;10.425323;
0;100000;50000000;2173913;23;0.046000;1;0.000001;0.000346;41.045469;o;0.016149;0.399028;6.894797;12.131799;19.026597;10.960398;10.642871;
0;100000;50000000;2083334;24;0.048000;1;0.000000;0.000322;41.268641;o;0.016147;0.396622;7.162179;11.999266;19.161446;10.799622;10.894420;
0;100000;50000000;2000000;25;0.050000;1;0.000000;0.000334;36.520112;o;0.017878;0.398780;7.365968;11.144447;18.510416;9.808141;7.784509;
0;100000;50000000;1923077;26;0.052000;1;0.000000;0.000391;32.124842;o;0.013610;0.379669;3.543027;8.578055;12.121083;9.825239;9.784807;
0;100000;50000000;1851852;27;0.054000;1;0.000000;0.000518;36.322624;o;0.013883;0.400754;6.312762;10.072789;16.385553;9.321605;10.200236;
0;100000;50000000;1785715;28;0.056000;1;0.000000;0.000548;34.873242;o;0.015556;0.394907;6.200056;9.753906;15.953964;9.219020;9.289184;
0;100000;50000000;1724138;29;0.058000;1;0.000000;0.000366;35.446772;o;0.013133;0.393736;5.897371;10.127345;16.024717;9.585312;9.429446;
0;100000;50000000;1666667;30;0.060000;1;0.000000;0.000230;36.649997;o;0.012318;0.395851;6.010837;10.324545;16.335382;9.908345;9.997807;
0;100000;50000000;1612904;31;0.062000;1;0.000000;0.000384;36.861012;o;0.012473;0.399324;6.404457;10.452204;16.856662;9.937628;9.654484;
0;100000;50000000;1562500;32;0.064000;1;0.000000;0.000289;37.632836;o;0.012251;0.395428;6.305485;10.689619;16.995105;10.252720;9.976989;
0;100000;50000000;1515152;33;0.066000;1;0.000000;0.000200;37.206746;o;0.011681;0.406492;6.300954;10.417163;16.718119;10.105965;9.964226;
0;100000;50000000;1470589;34;0.068000;1;0.000000;0.000136;35.039829;o;0.012759;0.397821;6.322458;10.294771;16.617230;8.925450;9.086376;
0;100000;50000000;1428572;35;0.070000;1;0.000000;0.000269;30.675742;o;0.010006;0.359474;3.518851;7.507726;11.026579;9.748162;9.531206;
0;100000;50000000;1388889;36;0.072000;1;0.000000;0.000236;34.401415;o;0.011582;0.401439;5.946412;9.955169;15.901583;9.279815;8.806698;
0;100000;50000000;1351352;37;0.074000;1;0.000000;0.000317;32.290726;o;0.009808;0.395115;5.626975;9.131678;14.758655;8.617733;8.509054;
0;100000;50000000;1315790;38;0.076000;1;0.000000;0.000309;32.899821;o;0.009921;0.391794;5.334676;9.115048;14.449726;8.747239;9.300769;
0;100000;50000000;1282052;39;0.078000;1;0.000000;0.000471;35.633517;o;0.009887;0.396733;5.747778;9.860695;15.608475;9.526833;10.091055;
0;100000;50000000;1250000;40;0.080000;1;0.000000;0.000386;39.333212;o;0.010123;0.397025;6.491235;10.356373;16.847609;10.821380;11.256627;
0;100000;50000000;1219513;41;0.082000;1;0.000000;0.000348;42.258656;o;0.012885;0.405731;6.988669;12.233881;19.222551;12.002393;10.614693;
0;100000;50000000;1190477;42;0.084000;1;0.000000;0.000263;38.544592;o;0.008810;0.405071;6.425725;10.673067;17.098794;10.538498;10.493096;
0;100000;50000000;1162791;43;0.086000;1;0.000000;0.000253;38.282059;o;0.010749;0.410171;6.365617;10.400677;16.766295;10.884108;10.210423;
0;100000;50000000;1136364;44;0.088000;1;0.000000;0.000210;36.391926;o;0.009461;0.399072;6.198188;10.955401;17.153590;9.938748;8.890787;
0;100000;50000000;50000000;1;0.002000;1;0.000000;0.002239;32.424127;o;0.345548;0.381212;3.782391;8.703204;12.485596;9.604193;9.605287;
0;100000;50000000;25000000;2;0.004000;1;0.000000;0.001641;34.610259;o;0.185341;0.394726;5.798768;9.914085;15.712855;9.398338;8.917302;
0;100000;50000000;16666667;3;0.006000;1;0.000000;0.000940;36.374818;o;0.123043;0.397089;5.909405;10.507422;16.416829;9.863116;9.573747;
0;100000;50000000;12500000;4;0.008000;1;0.000000;0.000687;37.098999;o;0.095250;0.399802;6.346322;10.677932;17.024255;9.868883;9.710059;
0;100000;50000000;10000000;5;0.010000;1;0.000000;0.000585;35.462491;o;0.072267;0.397649;5.965213;9.970565;15.935779;9.641247;9.414913;
0;100000;50000000;8333334;6;0.012000;1;0.000000;0.000737;35.638969;o;0.059346;0.398630;5.984186;9.940326;15.924513;9.578720;9.676971;
0;100000;50000000;7142857;7;0.014000;1;0.000000;0.000520;36.046048;o;0.051693;0.388424;6.200136;10.128789;16.328926;9.536432;9.739997;
0;100000;50000000;6250000;8;0.016000;1;0.000000;0.000373;37.671306;o;0.045191;0.399238;6.371323;10.694226;17.065550;10.002009;10.158885;
0;100000;50000000;5555556;9;0.018000;1;0.000000;0.001208;38.070215;o;0.042120;0.411328;6.327608;10.485918;16.813526;10.566482;10.235456;
0;100000;50000000;5000000;10;0.020000;1;0.000000;0.000377;38.264165;o;0.040326;0.401528;7.314665;12.642383;19.957049;10.538893;7.325929;
0;100000;50000000;4545455;11;0.022000;1;0.000000;0.000427;31.728269;o;0.031578;0.376838;3.776618;9.024026;12.800646;9.381248;9.137484;
0;100000;50000000;4166667;12;0.024000;1;0.000000;0.000331;34.239320;o;0.030096;0.392732;5.934832;9.541837;15.476670;9.067404;9.272027;
0;100000;50000000;3846154;13;0.026000;1;0.000000;0.000277;36.764113;o;0.031767;0.394351;6.010146;10.241924;16.252071;9.753305;10.332281;
0;100000;50000000;3571429;14;0.028000;1;0.000000;0.000351;38.759788;o;0.025729;0.406668;6.645050;11.595366;18.240418;10.046601;10.039964;
0;100000;50000000;3333334;15;0.030000;1;0.000000;0.000273;35.392697;o;0.026124;0.401523;6.098139;10.089776;16.187916;9.544828;9.231969;
0;100000;50000000;3125000;16;0.032000;1;0.000000;0.000287;35.730836;o;0.028196;0.397374;5.852295;9.913918;15.766214;9.921036;9.617663;
0;100000;50000000;2941177;17;0.034000;1;0.000000;0.000470;35.444746;o;0.023793;0.396795;6.169364;10.057102;16.226468;9.480515;9.316639;
0;100000;50000000;2777778;18;0.036000;1;0.000000;0.000316;36.085540;o;0.020894;0.395033;6.220010;10.343601;16.563613;9.484975;9.620650;
0;100000;50000000;2631579;19;0.038000;1;0.000000;0.000360;35.470252;o;0.020765;0.403562;6.545507;9.930220;16.475730;9.341943;9.227838;
0;100000;50000000;2500000;20;0.040000;1;0.000000;0.000296;36.262688;o;0.018000;0.396831;6.006270;10.340564;16.346835;9.996184;9.504489;
0;100000;50000000;2380953;21;0.042000;1;0.000000;0.000400;36.542127;o;0.017308;0.395927;6.331008;10.450912;16.781921;9.857518;9.488990;
0;100000;50000000;2272728;22;0.044000;1;0.000000;0.000490;35.224595;o;0.018881;0.398063;6.026413;9.939990;15.966404;9.544223;9.296477;
0;100000;50000000;2173913;23;0.046000;1;0.000000;0.000245;35.255140;o;0.016012;0.392248;5.965858;9.659963;15.625822;9.886462;9.334298;
0;100000;50000000;2083334;24;0.048000;1;0.000000;0.000261;36.153749;o;0.015315;0.400585;5.848217;9.560544;15.408762;10.266992;10.061778;
0;100000;50000000;2000000;25;0.050000;1;0.000000;0.000189;29.201636;o;0.014490;0.396006;5.872118;5.851652;11.723771;7.848328;9.218801;
0;100000;50000000;1923077;26;0.052000;1;0.000000;0.000387;32.274762;o;0.014791;0.390532;5.480262;9.222643;14.702906;8.748687;8.417394;
0;100000;50000000;1851852;27;0.054000;1;0.000000;0.000288;31.090119;o;0.013331;0.389384;5.150647;8.735235;13.885885;8.429443;8.371734;
0;100000;50000000;1785715;28;0.056000;1;0.000000;0.000399;33.174592;o;0.012977;0.392419;5.310061;9.281913;14.591975;8.680529;9.496234;
0;100000;50000000;1724138;29;0.058000;1;0.000000;0.000181;34.678648;o;0.013357;0.394319;5.951968;9.674481;15.626451;9.188258;9.456027;
0;100000;50000000;1666667;30;0.060000;1;0.000000;0.000273;37.876866;o;0.012364;0.407084;6.458157;10.801906;17.260065;10.334222;9.862802;
0;100000;50000000;1612904;31;0.062000;1;0.000000;0.000407;38.824138;o;0.012740;0.403033;6.114725;10.637088;16.751815;10.242774;11.413305;
0;100000;50000000;1562500;32;0.064000;1;0.000000;0.000422;38.303302;o;0.012283;0.407141;7.058202;10.802880;17.861084;10.358761;9.663549;
0;100000;50000000;1515152;33;0.066000;1;0.000000;0.000201;39.464474;o;0.012595;0.398079;6.437589;11.887152;18.324742;10.848589;9.880212;
0;100000;50000000;1470589;34;0.068000;1;0.000000;0.000195;37.014938;o;0.010946;0.398162;6.428042;10.845911;17.273955;9.968778;9.362849;
0;100000;50000000;1428572;35;0.070000;1;0.000000;0.000239;33.991009;o;0.011743;0.397537;5.553186;9.615369;15.168556;9.261952;9.150919;
0;100000;50000000;1388889;36;0.072000;1;0.000000;0.000244;35.372026;o;0.011845;0.396459;5.771274;10.242648;16.013922;9.500768;9.448729;
0;100000;50000000;1351352;37;0.074000;1;0.000000;0.000195;36.619403;o;0.010771;0.389326;6.097018;10.215393;16.312412;9.913404;9.993241;
0;100000;50000000;1315790;38;0.076000;1;0.000000;0.000281;38.492288;o;0.010140;0.400859;6.377666;10.876116;17.253783;10.326456;10.500708;
0;100000;50000000;1282052;39;0.078000;1;0.000000;0.000208;34.882875;o;0.010194;0.399885;6.136498;10.410657;16.547156;9.084377;8.841000;
0;100000;50000000;1250000;40;0.080000;1;0.000000;0.000345;37.666954;o;0.011385;0.398809;6.634758;10.698357;17.333116;10.015714;9.907534;
0;100000;50000000;1219513;41;0.082000;1;0.000000;0.000348;30.466764;o;0.008881;0.380872;3.525579;7.319993;10.845573;9.727236;9.503665;
0;100000;50000000;1190477;42;0.084000;1;0.000000;0.000296;36.559198;o;0.009668;0.396110;6.059331;10.018496;16.077828;10.240637;9.834604;
0;100000;50000000;1162791;43;0.086000;1;0.000000;0.000358;36.289765;o;0.009766;0.399049;6.315293;10.259555;16.574850;9.482422;9.823255;
0;100000;50000000;1136364;44;0.088000;1;0.000000;0.000234;36.138866;o;0.011183;0.398557;6.099700;10.142145;16.241846;9.735886;9.751095;
0;100000;50000000;50000000;1;0.002000;1;0.000000;0.002746;38.357363;o;0.386714;0.397097;6.449661;10.822076;17.271739;10.224199;10.074811;
0;100000;50000000;25000000;2;0.004000;1;0.000000;0.001184;37.161096;o;0.198641;0.400017;6.268348;10.716395;16.984743;10.045867;9.530579;
0;100000;50000000;16666667;3;0.006000;1;0.000000;0.001038;36.401691;o;0.126098;0.395514;5.853469;10.258015;16.111485;9.932941;9.834548;
0;100000;50000000;12500000;4;0.008000;1;0.000000;0.000588;35.457435;o;0.098081;0.399581;6.233531;10.054005;16.287538;9.375957;9.295621;
0;100000;50000000;10000000;5;0.010000;1;0.000000;0.000566;35.165637;o;0.081582;0.398426;6.142923;10.065090;16.208015;9.283177;9.193810;
0;100000;50000000;8333334;6;0.012000;1;0.000000;0.000728;35.676514;o;0.062215;0.393171;5.773947;10.062349;15.836296;9.547384;9.836653;
0;100000;50000000;7142857;7;0.014000;1;0.000000;0.000634;35.539778;o;0.060259;0.397172;6.336056;10.446500;16.782557;9.206842;9.092259;
0;100000;50000000;6250000;8;0.016000;1;0.000000;0.000374;34.266043;o;0.044605;0.396143;5.555080;9.496724;15.051806;9.246124;9.526942;
0;100000;50000000;5555556;9;0.018000;1;0.000000;0.000343;34.941630;o;0.040668;0.397161;5.670667;9.556979;15.227647;9.799282;9.476473;
0;100000;50000000;5000000;10;0.020000;1;0.000000;0.000482;35.795045;o;0.041467;0.406421;6.014280;10.272612;16.286893;8.843204;10.216518;
0;100000;50000000;4545455;11;0.022000;1;0.000000;0.000328;32.119098;o;0.033994;0.397020;6.313249;10.125391;16.438642;8.928174;6.320880;
