min;max;size;buckets;mean_elements_in_bucket;threads;time_allocate_sync;time_deallocate;time_all;error;
0;0;0;0;0;0;0;0;0;0;
min;max;size;buckets;mean_elements_in_bucket;threads;time_allocate_sync;time_deallocate;time_all;error;
0;0;0;0;0;0;0;0;0;0;
0;100000;10000000;10000000;1;0.010000;1;0.000000;0.000410;4.456955;o;0.064737;0.073208;0.886198;1.184693;2.070892;1.090467;1.157198;
0;100000;10000000;10000000;1;0.010000;1;0.000000;0.000596;4.498369;o;0.065049;0.074043;0.894956;1.196380;2.091337;1.101040;1.166264;
0;100000;10000000;5000000;2;0.020000;1;0.000000;0.000413;4.261223;o;0.035745;0.074333;0.801402;1.083690;1.885093;1.133699;1.131897;
0;100000;10000000;5000000;2;0.020000;1;0.000000;0.000391;4.402351;o;0.035101;0.074845;0.904607;1.148403;2.053012;1.076779;1.162175;
0;100000;10000000;3333334;3;0.030000;1;0.000000;0.000338;4.320014;o;0.023834;0.075787;0.865079;1.143201;2.008281;1.075840;1.135888;
0;100000;10000000;3333334;3;0.030000;1;0.000000;0.000365;4.347037;o;0.024470;0.075514;0.861659;1.156753;2.018413;1.086878;1.141352;
0;100000;10000000;2500000;4;0.040000;1;0.000000;0.000320;4.129270;o;0.017835;0.071904;0.773925;1.047668;1.821594;1.117308;1.100269;
0;100000;10000000;2500000;4;0.040000;1;0.000000;0.000298;4.136150;o;0.017690;0.071408;0.744294;1.058202;1.802498;1.128142;1.116071;
0;100000;10000000;2000000;5;0.050000;1;0.000000;0.000279;4.096423;o;0.014295;0.071955;0.746998;1.041026;1.788025;1.113221;1.108606;
0;100000;10000000;2000000;5;0.050000;1;0.000000;0.000288;4.133270;o;0.014144;0.072063;0.749631;1.053577;1.803209;1.126407;1.117117;
0;100000;10000000;1666667;6;0.060000;1;0.000000;0.000200;4.071705;o;0.011627;0.071590;0.738400;1.037788;1.776189;1.109086;1.102969;
0;100000;10000000;1666667;6;0.060000;1;0.000000;0.000196;4.128921;o;0.011707;0.071508;0.757790;1.050816;1.808607;1.122562;1.114298;
0;100000;10000000;1428572;7;0.070000;1;0.000000;0.000219;4.053551;o;0.010151;0.071971;0.728646;1.036031;1.764678;1.107414;1.099076;
0;100000;10000000;1428572;7;0.070000;1;0.000000;0.000219;4.081486;o;0.010085;0.072028;0.719378;1.049208;1.768588;1.118527;1.111995;
0;100000;10000000;1250000;8;0.080000;1;0.000000;0.000186;4.043099;o;0.009232;0.072947;0.723228;1.033998;1.757227;1.105514;1.097952;
0;100000;10000000;1250000;8;0.080000;1;0.000000;0.000294;4.075328;o;0.009078;0.072283;0.723394;1.044917;1.768312;1.117986;1.107331;
0;100000;10000000;1111112;9;0.090000;1;0.000000;0.000289;4.044566;o;0.008144;0.071966;0.719973;1.033442;1.753417;1.107021;1.103686;
0;100000;10000000;1111112;9;0.090000;1;0.000000;0.000172;4.055928;o;0.008149;0.071322;0.699212;1.045892;1.745105;1.120413;1.110723;
0;100000;10000000;1000000;10;0.100000;1;0.000000;0.000193;4.047350;o;0.007729;0.071360;0.726970;1.034130;1.761101;1.109557;1.097367;
0;100000;10000000;1000000;10;0.100000;1;0.000000;0.000176;4.055389;o;0.007724;0.071650;0.704245;1.047959;1.752205;1.119488;1.104104;
0;100000;10000000;909091;11;0.110000;1;0.000000;0.000356;4.041851;o;0.006300;0.069776;0.725270;1.031056;1.756328;1.109351;1.099700;
0;100000;10000000;909091;11;0.110000;1;0.000000;0.000219;4.057177;o;0.007134;0.071658;0.711785;1.044531;1.756318;1.116137;1.105669;
0;100000;10000000;833334;12;0.120000;1;0.000000;0.000254;4.023813;o;0.005896;0.071276;0.715261;1.030322;1.745584;1.104929;1.095831;
0;100000;10000000;833334;12;0.120000;1;0.000000;0.000129;4.048113;o;0.006153;0.072928;0.703030;1.044845;1.747877;1.114800;1.106184;
0;100000;10000000;769231;13;0.130000;1;0.000000;0.000203;4.023753;o;0.005840;0.071913;0.713353;1.029094;1.742448;1.106151;1.097155;
0;100000;10000000;769231;13;0.130000;1;0.000000;0.000188;4.026483;o;0.005687;0.071972;0.684312;1.042315;1.726629;1.116034;1.105929;
0;100000;10000000;714286;14;0.140000;1;0.000000;0.000297;4.014340;o;0.005568;0.072073;0.713030;1.027932;1.740963;1.101904;1.093492;
0;100000;10000000;714286;14;0.140000;1;0.000000;0.000141;4.020284;o;0.005506;0.071968;0.687008;1.040013;1.727022;1.113143;1.102462;
0;100000;10000000;666667;15;0.150000;1;0.000000;0.000230;4.032524;o;0.005022;0.071948;0.715504;1.032565;1.748071;1.101208;1.106001;
0;100000;10000000;666667;15;0.150000;1;0.000000;0.000226;4.045089;o;0.005002;0.071990;0.690720;1.043768;1.734490;1.113244;1.120094;
0;100000;10000000;625000;16;0.160000;1;0.000000;0.000159;4.089158;o;0.004527;0.073411;0.739436;1.048954;1.788392;1.119261;1.103365;
0;100000;10000000;625000;16;0.160000;1;0.000000;0.000177;4.102179;o;0.004899;0.073905;0.724946;1.059481;1.784429;1.128861;1.109866;
0;100000;10000000;588236;17;0.170000;1;0.000000;0.000141;4.010010;o;0.004446;0.071590;0.709990;1.025882;1.735873;1.101956;1.095961;
0;100000;10000000;588236;17;0.170000;1;0.000000;0.000145;4.035016;o;0.004548;0.072902;0.700727;1.040744;1.741472;1.112042;1.103865;
0;100000;10000000;555556;18;0.180000;1;0.000000;0.000115;3.998685;o;0.004408;0.070789;0.700478;1.029390;1.729869;1.101263;1.092197;
0;100000;10000000;555556;18;0.180000;1;0.000000;0.000243;4.022315;o;0.004777;0.071622;0.689383;1.042069;1.731453;1.112942;1.101237;
0;100000;10000000;526316;19;0.190000;1;0.000000;0.000226;4.008529;o;0.004370;0.071618;0.704929;1.028432;1.733363;1.102842;1.096065;
0;100000;10000000;526316;19;0.190000;1;0.000000;0.000190;4.010912;o;0.003730;0.071976;0.677565;1.040986;1.718553;1.114163;1.102258;
0;100000;10000000;500000;20;0.200000;1;0.000000;0.000162;3.995348;o;0.003495;0.071571;0.699131;1.025591;1.724724;1.101003;1.094351;
0;100000;10000000;500000;20;0.200000;1;0.000000;0.000196;4.030279;o;0.004352;0.071193;0.699009;1.040338;1.739349;1.113238;1.101872;
0;100000;10000000;476191;21;0.210000;1;0.000000;0.000152;3.989765;o;0.003725;0.071481;0.696025;1.024705;1.720731;1.101454;1.092179;
0;100000;10000000;476191;21;0.210000;1;0.000000;0.000262;4.004118;o;0.004005;0.071907;0.676382;1.039380;1.715763;1.112076;1.100063;
0;100000;10000000;454546;22;0.220000;1;0.000000;0.000285;4.001587;o;0.003875;0.071618;0.705802;1.023314;1.729117;1.105731;1.090921;
0;100000;10000000;454546;22;0.220000;1;0.000000;0.000262;4.002919;o;0.003770;0.071618;0.678222;1.037611;1.715834;1.114108;1.097284;
0;100000;10000000;434783;23;0.230000;1;0.000000;0.000108;3.966991;o;0.003272;0.071063;0.672414;1.023252;1.695667;1.100500;1.096338;
0;100000;10000000;434783;23;0.230000;1;0.000000;0.000113;3.987285;o;0.003425;0.067407;0.663391;1.038470;1.701862;1.113158;1.101279;
0;100000;10000000;416667;24;0.240000;1;0.000000;0.000227;3.985613;o;0.003291;0.071961;0.693889;1.025647;1.719538;1.099951;1.090605;
0;100000;10000000;416667;24;0.240000;1;0.000000;0.000214;3.996928;o;0.003457;0.071960;0.673017;1.039719;1.712737;1.110453;1.098066;
0;100000;10000000;400000;25;0.250000;1;0.000000;0.000083;3.995529;o;0.003176;0.071354;0.682548;1.027679;1.710229;1.105850;1.104797;
0;100000;10000000;400000;25;0.250000;1;0.000000;0.000209;4.021039;o;0.003403;0.071898;0.670787;1.045890;1.716678;1.121261;1.107549;
0;100000;10000000;384616;26;0.260000;1;0.000000;0.000244;4.041785;o;0.003558;0.072938;0.709595;1.032614;1.742210;1.116022;1.106772;
0;100000;10000000;384616;26;0.260000;1;0.000000;0.000217;4.054762;o;0.003348;0.073256;0.678487;1.051084;1.729572;1.124487;1.123839;
0;100000;10000000;370371;27;0.270000;1;0.000000;0.000186;4.014550;o;0.003003;0.072688;0.674063;1.038822;1.712886;1.112294;1.113453;
0;100000;10000000;370371;27;0.270000;1;0.000000;0.000186;4.048177;o;0.003289;0.073363;0.674606;1.049971;1.724578;1.125797;1.120924;
0;100000;10000000;357143;28;0.280000;1;0.000000;0.000156;3.981944;o;0.002535;0.072096;0.645526;1.040776;1.686302;1.111397;1.109417;
0;100000;10000000;357143;28;0.280000;1;0.000000;0.000163;3.990426;o;0.002918;0.073248;0.621308;1.054476;1.675785;1.123123;1.115149;
0;100000;10000000;344828;29;0.290000;1;0.000000;0.000162;3.991510;o;0.002763;0.073276;0.640347;1.037734;1.678083;1.122614;1.114571;
0;100000;10000000;344828;29;0.290000;1;0.000000;0.000260;4.053006;o;0.002822;0.073433;0.668564;1.052767;1.721331;1.135817;1.118892;
0;100000;10000000;333334;30;0.299999;1;0.000000;0.000136;3.947683;o;0.002430;0.074081;0.612219;1.027188;1.639408;1.116178;1.115410;
0;100000;10000000;333334;30;0.299999;1;0.000000;0.000259;3.989663;o;0.002578;0.073505;0.611521;1.048354;1.659876;1.133216;1.120188;
0;100000;10000000;322581;31;0.310000;1;0.000000;0.000147;3.945864;o;0.002669;0.072838;0.608677;1.036599;1.645277;1.111001;1.113879;
0;100000;10000000;322581;31;0.310000;1;0.000000;0.000250;3.970558;o;0.002640;0.073611;0.598588;1.053251;1.651840;1.122127;1.120048;
0;100000;10000000;312500;32;0.320000;1;0.000000;0.000231;3.916349;o;0.002236;0.071697;0.596047;1.035006;1.631054;1.110096;1.100984;
0;100000;10000000;312500;32;0.320000;1;0.000000;0.000122;3.903802;o;0.002362;0.074297;0.567335;1.045077;1.612413;1.115555;1.099010;
0;100000;10000000;303031;33;0.329999;1;0.000000;0.000236;3.885107;o;0.002375;0.073417;0.588803;1.021743;1.610547;1.100737;1.097754;
0;100000;10000000;303031;33;0.329999;1;0.000000;0.000216;3.890921;o;0.002312;0.073620;0.566721;1.036806;1.603528;1.109901;1.101303;
0;100000;10000000;294118;34;0.340000;1;0.000000;0.000244;3.909836;o;0.002494;0.073437;0.578928;1.021953;1.600882;1.108316;1.124424;
0;100000;10000000;294118;34;0.340000;1;0.000000;0.000198;3.935491;o;0.002209;0.073618;0.557737;1.037933;1.595671;1.134053;1.129702;
0;100000;10000000;285715;35;0.349999;1;0.000000;0.000227;3.941931;o;0.002470;0.074593;0.581852;1.047622;1.629475;1.122942;1.112184;
0;100000;10000000;285715;35;0.349999;1;0.000000;0.000188;3.937720;o;0.002015;0.073840;0.555527;1.060382;1.615910;1.127353;1.118334;
0;100000;10000000;277778;36;0.360000;1;0.000000;0.000211;3.887456;o;0.002301;0.073807;0.575892;1.036192;1.612086;1.101774;1.097238;
0;100000;10000000;277778;36;0.360000;1;0.000000;0.000195;3.875773;o;0.002281;0.073058;0.547378;1.043163;1.590542;1.108945;1.100712;
0;100000;10000000;270271;37;0.369999;1;0.000000;0.000195;3.853501;o;0.001965;0.073429;0.557023;1.021690;1.578714;1.104896;1.094263;
0;100000;10000000;270271;37;0.369999;1;0.000000;0.000185;3.853656;o;0.001871;0.073495;0.531655;1.037033;1.568689;1.110446;1.098929;
0;100000;10000000;263158;38;0.380000;1;0.000000;0.000237;3.880445;o;0.002698;0.072910;0.572229;1.029411;1.601641;1.104736;1.098182;
0;100000;10000000;263158;38;0.380000;1;0.000000;0.000176;3.864847;o;0.001910;0.073663;0.535378;1.043341;1.578720;1.109285;1.101053;
0;100000;10000000;256411;39;0.389999;1;0.000000;0.000228;3.872618;o;0.002650;0.072823;0.567799;1.027869;1.595669;1.101172;1.100037;
0;100000;10000000;256411;39;0.389999;1;0.000000;0.000190;3.881156;o;0.002501;0.072991;0.551615;1.036296;1.587913;1.114031;1.103490;
0;100000;10000000;250000;40;0.400000;1;0.000000;0.000195;3.851535;o;0.002268;0.073150;0.551829;1.026433;1.578263;1.102149;1.095470;
0;100000;10000000;250000;40;0.400000;1;0.000000;0.000171;3.856816;o;0.001788;0.073188;0.525115;1.043693;1.568809;1.109740;1.103081;
0;100000;10000000;243903;41;0.409999;1;0.000000;0.000199;3.853606;o;0.002372;0.072999;0.556043;1.023423;1.579467;1.099774;1.098755;
0;100000;10000000;243903;41;0.409999;1;0.000000;0.000176;3.861814;o;0.002485;0.072891;0.534030;1.037801;1.571832;1.113840;1.100549;
0;100000;10000000;238096;42;0.419999;1;0.000000;0.000312;3.864853;o;0.002156;0.073757;0.558773;1.023448;1.582222;1.103758;1.102607;
0;100000;10000000;238096;42;0.419999;1;0.000000;0.000157;3.851958;o;0.001966;0.073318;0.521996;1.037146;1.559144;1.114813;1.102520;
0;100000;10000000;232559;43;0.429998;1;0.000000;0.000293;3.847716;o;0.002000;0.072900;0.550721;1.021993;1.572716;1.101262;1.098506;
0;100000;10000000;232559;43;0.429998;1;0.000000;0.000153;3.840995;o;0.001614;0.073578;0.518267;1.035555;1.553823;1.111646;1.100139;
0;100000;10000000;227273;44;0.439999;1;0.000000;0.000147;3.819675;o;0.001605;0.073520;0.528285;1.021329;1.549615;1.100613;1.094135;
0;100000;10000000;227273;44;0.439999;1;0.000000;0.000144;3.834928;o;0.001867;0.073343;0.510209;1.037717;1.547927;1.108675;1.102930;
0;100000;10000000;10000000;1;0.010000;1;0.000000;0.000554;4.267009;o;0.064028;0.072819;0.733503;1.099391;1.832895;1.152682;1.143990;
0;100000;10000000;10000000;1;0.010000;1;0.000000;0.000579;4.315896;o;0.064551;0.072991;0.740783;1.110148;1.850933;1.161196;1.165595;
0;100000;10000000;5000000;2;0.020000;1;0.000000;0.000404;4.156734;o;0.032685;0.073131;0.725731;1.061748;1.787481;1.134701;1.128292;
0;100000;10000000;5000000;2;0.020000;1;0.000000;0.000392;4.137005;o;0.032337;0.072924;0.680375;1.074781;1.755158;1.146579;1.129575;
0;100000;10000000;3333334;3;0.030000;1;0.000000;0.000382;4.083639;o;0.021950;0.073389;0.701804;1.048886;1.750691;1.123505;1.113682;
0;100000;10000000;3333334;3;0.030000;1;0.000000;0.000228;4.076802;o;0.021759;0.072951;0.666357;1.065698;1.732055;1.129640;1.120128;
0;100000;10000000;2500000;4;0.040000;1;0.000000;0.000272;4.066426;o;0.016174;0.073489;0.704309;1.043529;1.747839;1.115280;1.113331;
0;100000;10000000;2500000;4;0.040000;1;0.000000;0.000153;4.069747;o;0.016347;0.072926;0.684246;1.055086;1.739334;1.125238;1.115706;
0;100000;10000000;2000000;5;0.050000;1;0.000000;0.000277;4.046709;o;0.012982;0.072906;0.699979;1.035438;1.735418;1.114626;1.110459;
0;100000;10000000;2000000;5;0.050000;1;0.000000;0.000154;4.045065;o;0.013169;0.072961;0.668104;1.051025;1.719130;1.122896;1.116712;
0;100000;10000000;1666667;6;0.060000;1;0.000000;0.000211;4.026374;o;0.011298;0.073055;0.690552;1.035364;1.725917;1.110154;1.105699;
0;100000;10000000;1666667;6;0.060000;1;0.000000;0.000341;4.028176;o;0.011211;0.073725;0.661518;1.050022;1.711542;1.119936;1.111379;
0;100000;10000000;1428572;7;0.070000;1;0.000000;0.000228;4.035336;o;0.009555;0.073421;0.699686;1.036114;1.735801;1.112755;1.103535;
0;100000;10000000;1428572;7;0.070000;1;0.000000;0.000237;4.033263;o;0.010155;0.072753;0.672683;1.050971;1.723655;1.118280;1.108142;
0;100000;10000000;1250000;8;0.080000;1;0.000000;0.000315;4.039801;o;0.008648;0.073585;0.704837;1.030521;1.735359;1.114448;1.107406;
0;100000;10000000;1250000;8;0.080000;1;0.000000;0.000178;4.041858;o;0.008704;0.072966;0.676726;1.048488;1.725215;1.124273;1.110478;
0;100000;10000000;1111112;9;0.090000;1;0.000000;0.000149;4.020124;o;0.007384;0.073050;0.693890;1.029004;1.722895;1.111714;1.104890;
0;100000;10000000;1111112;9;0.090000;1;0.000000;0.000154;4.033426;o;0.007588;0.073081;0.672785;1.042341;1.715128;1.118781;1.118653;
0;100000;10000000;1000000;10;0.100000;1;0.000001;0.000353;4.210683;o;0.007193;0.074038;0.731574;1.025739;1.757314;1.143585;1.228158;
0;100000;10000000;1000000;10;0.100000;1;0.000000;0.000169;4.265752;o;0.006603;0.073209;0.688687;1.039272;1.727960;1.216448;1.241323;
0;100000;10000000;909091;11;0.110000;1;0.000000;0.000361;4.191881;o;0.006825;0.073937;0.879711;1.022465;1.902177;1.110177;1.098362;
0;100000;10000000;909091;11;0.110000;1;0.000000;0.000206;4.022473;o;0.006227;0.073315;0.680211;1.035443;1.715656;1.118941;1.108086;
0;100000;10000000;833334;12;0.120000;1;0.000000;0.000140;4.065341;o;0.006000;0.072984;0.750832;1.028814;1.779647;1.107754;1.098776;
0;100000;10000000;833334;12;0.120000;1;0.000000;0.000297;4.083620;o;0.006090;0.073405;0.738960;1.042167;1.781128;1.117631;1.105028;
0;100000;10000000;769231;13;0.130000;1;0.000000;0.000203;4.057222;o;0.005631;0.073195;0.748800;1.026905;1.775707;1.106495;1.095950;
0;100000;10000000;769231;13;0.130000;1;0.000000;0.000209;4.076023;o;0.005553;0.073137;0.733221;1.039899;1.773121;1.117958;1.106005;
0;100000;10000000;714286;14;0.140000;1;0.000000;0.000277;4.059912;o;0.005024;0.073825;0.753739;1.025797;1.779537;1.104772;1.096437;
0;100000;10000000;714286;14;0.140000;1;0.000000;0.000314;4.075550;o;0.005342;0.073686;0.735885;1.037916;1.773803;1.116738;1.105623;
0;100000;10000000;666667;15;0.150000;1;0.000000;0.000238;4.072039;o;0.004791;0.073454;0.760544;1.026110;1.786656;1.105922;1.100933;
0;100000;10000000;666667;15;0.150000;1;0.000000;0.000205;4.069027;o;0.004423;0.073443;0.727994;1.037778;1.765773;1.119563;1.105579;
0;100000;10000000;625000;16;0.160000;1;0.000000;0.000324;4.101870;o;0.004565;0.073314;0.750834;1.026037;1.776873;1.126652;1.120102;
0;100000;10000000;625000;16;0.160000;1;0.000000;0.000204;4.120115;o;0.004820;0.072544;0.730909;1.043369;1.774280;1.140851;1.127375;
0;100000;10000000;588236;17;0.170000;1;0.000000;0.000306;4.267867;o;0.004387;0.073575;0.907660;1.111471;2.019132;1.054913;1.115511;
0;100000;10000000;588236;17;0.170000;1;0.000000;0.000293;4.330563;o;0.004628;0.073469;0.917804;1.126403;2.044208;1.066280;1.141639;
0;100000;10000000;555556;18;0.180000;1;0.000000;0.000111;4.234589;o;0.003818;0.073307;0.881196;1.038361;1.919558;1.123322;1.114431;
0;100000;10000000;555556;18;0.180000;1;0.000000;0.000111;4.258577;o;0.003991;0.073152;0.871500;1.058710;1.930211;1.128526;1.122545;
0;100000;10000000;526316;19;0.190000;1;0.000000;0.000258;4.252785;o;0.004334;0.072939;0.893530;1.098897;1.992427;1.068608;1.114176;
0;100000;10000000;526316;19;0.190000;1;0.000000;0.000211;4.262868;o;0.003669;0.073560;0.875948;1.097392;1.973341;1.089539;1.122507;
0;100000;10000000;500000;20;0.200000;1;0.000000;0.000181;4.246292;o;0.003443;0.073723;0.892829;1.092829;1.985659;1.070089;1.113149;
0;100000;10000000;500000;20;0.200000;1;0.000000;0.000190;4.265807;o;0.003570;0.073435;0.875414;1.096867;1.972282;1.091769;1.124518;
0;100000;10000000;476191;21;0.210000;1;0.000000;0.000293;4.237532;o;0.003486;0.073072;0.886291;1.054996;1.941288;1.106458;1.112895;
0;100000;10000000;476191;21;0.210000;1;0.000000;0.000296;4.266777;o;0.003645;0.074005;0.878933;1.090676;1.969610;1.092945;1.126235;
0;100000;10000000;454546;22;0.220000;1;0.000000;0.000285;4.244545;o;0.003616;0.073336;0.892632;1.048990;1.941623;1.106365;1.119279;
0;100000;10000000;454546;22;0.220000;1;0.000000;0.000150;4.268710;o;0.003499;0.072652;0.885556;1.095178;1.980736;1.087962;1.123670;
0;100000;10000000;434783;23;0.230000;1;0.000000;0.000263;4.243157;o;0.003307;0.073212;0.885162;1.058835;1.943997;1.105623;1.116713;
0;100000;10000000;434783;23;0.230000;1;0.000000;0.000124;4.253467;o;0.003313;0.073193;0.870505;1.051015;1.921521;1.133174;1.122100;
0;100000;10000000;416667;24;0.240000;1;0.000000;0.000264;4.246447;o;0.003456;0.073435;0.888209;1.075026;1.963237;1.093343;1.112671;
0;100000;10000000;416667;24;0.240000;1;0.000000;0.000217;4.258137;o;0.002843;0.072990;0.868260;1.068896;1.937157;1.123528;1.121359;
0;100000;10000000;400000;25;0.250000;1;0.000000;0.000274;4.244801;o;0.003764;0.072849;0.885692;1.080446;1.966139;1.087477;1.114256;
0;100000;10000000;400000;25;0.250000;1;0.000000;0.000223;4.277725;o;0.002990;0.073666;0.883546;1.112722;1.996270;1.075216;1.129314;
0;100000;10000000;384616;26;0.260000;1;0.000000;0.000217;4.230161;o;0.003063;0.073442;0.871479;1.041695;1.913175;1.123970;1.116252;
0;100000;10000000;384616;26;0.260000;1;0.000000;0.000227;4.243516;o;0.003284;0.073705;0.859436;1.051289;1.910726;1.132201;1.123330;
0;100000;10000000;370371;27;0.270000;1;0.000000;0.000211;4.207917;o;0.003153;0.073162;0.850918;1.038744;1.889663;1.128069;1.113617;
0;100000;10000000;370371;27;0.270000;1;0.000000;0.000332;4.238291;o;0.003063;0.073870;0.842942;1.054835;1.897778;1.138124;1.125083;
0;100000;10000000;357143;28;0.280000;1;0.000000;0.000186;4.184248;o;0.002879;0.073281;0.830661;1.040353;1.871014;1.122493;1.114353;
0;100000;10000000;357143;28;0.280000;1;0.000000;0.000178;4.202680;o;0.002752;0.073441;0.813807;1.052531;1.866339;1.134454;1.125475;
0;100000;10000000;344828;29;0.290000;1;0.000000;0.000175;4.177979;o;0.002787;0.073333;0.817615;1.041690;1.859306;1.123402;1.118935;
0;100000;10000000;344828;29;0.290000;1;0.000000;0.000147;4.185298;o;0.002470;0.073337;0.799419;1.050363;1.849783;1.136865;1.122653;
0;100000;10000000;333334;30;0.299999;1;0.000000;0.000135;4.147012;o;0.002306;0.073571;0.802315;1.042170;1.844486;1.121304;1.105169;
0;100000;10000000;333334;30;0.299999;1;0.000000;0.000283;4.198015;o;0.002784;0.073727;0.834251;1.055044;1.889297;1.130188;1.101695;
0;100000;10000000;322581;31;0.310000;1;0.000000;0.000261;3.898545;o;0.002569;0.073623;0.597161;1.022569;1.619730;1.101022;1.101299;
0;100000;10000000;322581;31;0.310000;1;0.000000;0.000141;3.907790;o;0.002697;0.072873;0.577529;1.036983;1.614512;1.113707;1.103819;
0;100000;10000000;312500;32;0.320000;1;0.000000;0.000130;3.882155;o;0.002486;0.072363;0.588897;1.022616;1.611515;1.099992;1.095628;
0;100000;10000000;312500;32;0.320000;1;0.000000;0.000233;3.899382;o;0.002334;0.073073;0.575552;1.037971;1.613524;1.108465;1.101715;
0;100000;10000000;303031;33;0.329999;1;0.000000;0.000114;3.866105;o;0.002450;0.073103;0.571753;1.021524;1.593277;1.100079;1.097042;
0;100000;10000000;303031;33;0.329999;1;0.000000;0.000240;3.905031;o;0.002396;0.073037;0.579178;1.036329;1.615508;1.111251;1.102558;
0;100000;10000000;294118;34;0.340000;1;0.000000;0.000244;3.868664;o;0.002511;0.073165;0.572724;1.021931;1.594656;1.101222;1.096826;
0;100000;10000000;294118;34;0.340000;1;0.000000;0.000259;3.899406;o;0.002738;0.072988;0.572081;1.035721;1.607803;1.113970;1.101607;
0;100000;10000000;285715;35;0.349999;1;0.000000;0.000206;3.839827;o;0.001991;0.072784;0.554061;1.020068;1.574129;1.097160;1.093128;
0;100000;10000000;285715;35;0.349999;1;0.000000;0.000252;3.899920;o;0.002767;0.073109;0.573021;1.035918;1.608940;1.108547;1.106265;
0;100000;10000000;277778;36;0.360000;1;0.000000;0.000245;3.867538;o;0.002585;0.073057;0.570802;1.023484;1.594287;1.100188;1.097136;
0;100000;10000000;277778;36;0.360000;1;0.000000;0.000230;3.923395;o;0.002637;0.071890;0.595048;1.037179;1.632228;1.108635;1.107734;
0;100000;10000000;270271;37;0.369999;1;0.000000;0.000205;3.862653;o;0.002191;0.073173;0.554782;1.034571;1.589354;1.102238;1.095451;
0;100000;10000000;270271;37;0.369999;1;0.000000;0.000214;3.881044;o;0.002273;0.073383;0.555477;1.041488;1.596966;1.106941;1.101224;
0;100000;10000000;263158;38;0.380000;1;0.000000;0.000207;3.855945;o;0.002262;0.073318;0.553567;1.022485;1.576053;1.104112;1.099953;
0;100000;10000000;263158;38;0.380000;1;0.000000;0.000202;3.883552;o;0.002212;0.073315;0.547254;1.043947;1.591202;1.112174;1.104406;
0;100000;10000000;256411;39;0.389999;1;0.000000;0.000203;3.839147;o;0.002239;0.073228;0.548972;1.020961;1.569934;1.098292;1.095212;
0;100000;10000000;256411;39;0.389999;1;0.000000;0.000200;3.868538;o;0.002207;0.073062;0.543365;1.038351;1.581718;1.106323;1.104987;
0;100000;10000000;250000;40;0.400000;1;0.000000;0.000201;3.835036;o;0.002204;0.072980;0.548216;1.023842;1.572059;1.095921;1.091632;
0;100000;10000000;250000;40;0.400000;1;0.000000;0.000180;3.848927;o;0.001988;0.073420;0.533431;1.037021;1.570453;1.102564;1.100283;
0;100000;10000000;243903;41;0.409999;1;0.000000;0.000190;3.833152;o;0.002169;0.072833;0.543278;1.019468;1.562747;1.099143;1.096029;
0;100000;10000000;243903;41;0.409999;1;0.000000;0.000162;3.850293;o;0.001719;0.073563;0.526720;1.038300;1.565021;1.108300;1.101488;
0;100000;10000000;238096;42;0.419999;1;0.000000;0.000202;3.833645;o;0.002226;0.072938;0.538849;1.021093;1.559943;1.099218;1.099072;
0;100000;10000000;238096;42;0.419999;1;0.000000;0.000193;3.869515;o;0.002276;0.072931;0.534588;1.039483;1.574073;1.115953;1.104050;
0;100000;10000000;232559;43;0.429998;1;0.000000;0.000300;3.832290;o;0.002008;0.073059;0.538800;1.022592;1.561393;1.098806;1.096685;
0;100000;10000000;232559;43;0.429998;1;0.000000;0.000154;3.843436;o;0.001670;0.073562;0.521071;1.038757;1.559829;1.107692;1.100487;
0;100000;10000000;227273;44;0.439999;1;0.000000;0.000315;3.770168;o;0.002127;0.073560;0.541772;1.021309;1.563083;1.087525;1.043514;
0;100000;10000000;227273;44;0.439999;1;0.000000;0.000304;3.876805;o;0.002159;0.073683;0.535199;1.042801;1.578001;1.110634;1.111981;
0;100000;10000000;10000000;1;0.010000;1;0.000000;0.000416;4.203779;o;0.064113;0.074231;0.677322;1.096356;1.773679;1.145601;1.145701;
0;100000;10000000;10000000;1;0.010000;1;0.000000;0.000547;4.255020;o;0.064214;0.073780;0.691369;1.109284;1.800654;1.155351;1.160435;
0;100000;10000000;5000000;2;0.020000;1;0.000000;0.000356;4.102889;o;0.032049;0.073167;0.685657;1.064134;1.749792;1.123335;1.124150;
0;100000;10000000;5000000;2;0.020000;1;0.000000;0.000241;4.122029;o;0.032447;0.073148;0.666779;1.080122;1.746902;1.135885;1.133354;
0;100000;10000000;3333334;3;0.030000;1;0.000000;0.000355;4.081362;o;0.021913;0.073329;0.703412;1.049181;1.752594;1.116751;1.116379;
0;100000;10000000;3333334;3;0.030000;1;0.000000;0.000350;4.076427;o;0.021669;0.073591;0.661918;1.067691;1.729610;1.127061;1.124107;
0;100000;10000000;2500000;4;0.040000;1;0.000000;0.000271;4.029738;o;0.016065;0.073404;0.673861;1.041963;1.715826;1.111152;1.112980;
0;100000;10000000;2500000;4;0.040000;1;0.000000;0.000277;4.063622;o;0.016352;0.073161;0.668444;1.062356;1.730801;1.126356;1.116636;
0;100000;10000000;2000000;5;0.050000;1;0.000000;0.000304;4.011420;o;0.013131;0.073587;0.663963;1.039394;1.703358;1.108819;1.112180;
0;100000;10000000;2000000;5;0.050000;1;0.000000;0.000324;4.054087;o;0.013667;0.072855;0.668632;1.056253;1.724886;1.127386;1.114927;
0;100000;10000000;1666667;6;0.060000;1;0.000000;0.000214;3.987399;o;0.010970;0.072892;0.655978;1.033286;1.689266;1.107393;1.106626;
0;100000;10000000;1666667;6;0.060000;1;0.000000;0.000339;4.038054;o;0.011198;0.072936;0.667856;1.052328;1.720185;1.120203;1.113153;
0;100000;10000000;1428572;7;0.070000;1;0.000000;0.000263;3.981870;o;0.010099;0.072823;0.653246;1.032789;1.686036;1.106539;1.106070;
0;100000;10000000;1428572;7;0.070000;1;0.000000;0.000264;4.046357;o;0.010091;0.073020;0.684097;1.050104;1.734202;1.116728;1.112012;
0;100000;10000000;1250000;8;0.080000;1;0.000000;0.000304;3.988662;o;0.008441;0.073496;0.658791;1.041843;1.700636;1.103797;1.101947;
0;100000;10000000;1250000;8;0.080000;1;0.000000;0.000184;4.029132;o;0.008641;0.072382;0.675868;1.046858;1.722727;1.116452;1.108697;
0;100000;10000000;1111112;9;0.090000;1;0.000000;0.000174;3.978877;o;0.007758;0.072819;0.657968;1.030672;1.688641;1.104238;1.105207;
0;100000;10000000;1111112;9;0.090000;1;0.000000;0.000151;4.034464;o;0.007387;0.073121;0.676382;1.049215;1.725598;1.120821;1.107344;
0;100000;10000000;1000000;10;0.100000;1;0.000000;0.000171;3.981078;o;0.006827;0.073219;0.671597;1.026091;1.697690;1.099853;1.103277;
0;100000;10000000;1000000;10;0.100000;1;0.000000;0.000167;4.021291;o;0.006724;0.073180;0.676603;1.042337;1.718942;1.117235;1.105002;
0;100000;10000000;909091;11;0.110000;1;0.000000;0.000215;3.981028;o;0.006319;0.073093;0.672823;1.026042;1.698866;1.103137;1.099358;
0;100000;10000000;909091;11;0.110000;1;0.000000;0.000218;4.030903;o;0.006313;0.073578;0.687305;1.045257;1.732563;1.110400;1.107781;
0;100000;10000000;833334;12;0.120000;1;0.000000;0.000256;3.973768;o;0.005622;0.073070;0.671952;1.028324;1.700277;1.098885;1.095617;
0;100000;10000000;833334;12;0.120000;1;0.000000;0.000278;4.025733;o;0.006060;0.073923;0.686773;1.040161;1.726935;1.110727;1.107768;
0;100000;10000000;769231;13;0.130000;1;0.000000;0.000357;3.969645;o;0.005611;0.073773;0.688275;1.032339;1.720615;1.086496;1.082749;
0;100000;10000000;769231;13;0.130000;1;0.000000;0.000216;4.032005;o;0.005551;0.073032;0.703987;1.037403;1.741392;1.110295;1.101479;
0;100000;10000000;714286;14;0.140000;1;0.000000;0.000294;3.982696;o;0.005278;0.073237;0.687434;1.023199;1.710634;1.098636;1.094578;
0;100000;10000000;714286;14;0.140000;1;0.000000;0.000135;4.022543;o;0.004800;0.073481;0.694653;1.038815;1.733470;1.109197;1.101421;
0;100000;10000000;666667;15;0.150000;1;0.000000;0.000215;3.986228;o;0.004522;0.073614;0.684798;1.022413;1.707212;1.098986;1.101638;
0;100000;10000000;666667;15;0.150000;1;0.000000;0.000211;4.045885;o;0.004440;0.073960;0.702912;1.044650;1.747563;1.114717;1.104953;
0;100000;10000000;625000;16;0.160000;1;0.000000;0.000188;3.983782;o;0.004509;0.073341;0.692830;1.023348;1.716180;1.096364;1.093160;
0;100000;10000000;625000;16;0.160000;1;0.000000;0.000321;4.050446;o;0.004595;0.073717;0.720246;1.036490;1.756737;1.111384;1.103652;
0;100000;10000000;588236;17;0.170000;1;0.000000;0.000269;3.996706;o;0.004170;0.073488;0.701164;1.023734;1.724899;1.098541;1.095297;
0;100000;10000000;588236;17;0.170000;1;0.000000;0.000151;4.065671;o;0.004316;0.072865;0.736559;1.035159;1.771719;1.114279;1.102295;
0;100000;10000000;555556;18;0.180000;1;0.000000;0.000227;3.996656;o;0.003750;0.073065;0.702469;1.021726;1.724196;1.097914;1.097465;
0;100000;10000000;555556;18;0.180000;1;0.000000;0.000245;4.031016;o;0.004109;0.073376;0.701088;1.040164;1.741253;1.112534;1.099457;
0;100000;10000000;526316;19;0.190000;1;0.000000;0.000084;3.990678;o;0.003747;0.072642;0.699648;1.019896;1.719546;1.101399;1.093217;
0;100000;10000000;526316;19;0.190000;1;0.000000;0.000247;4.047379;o;0.004332;0.073031;0.716445;1.036633;1.753079;1.112485;1.104163;
0;100000;10000000;500000;20;0.200000;1;0.000000;0.000183;3.999059;o;0.003554;0.073333;0.708820;1.021798;1.730619;1.098727;1.092603;
0;100000;10000000;500000;20;0.200000;1;0.000000;0.000200;4.033231;o;0.003872;0.073311;0.703356;1.033813;1.737170;1.115283;1.103355;
0;100000;10000000;476191;21;0.210000;1;0.000000;0.000183;4.003655;o;0.003818;0.072626;0.718412;1.020949;1.739363;1.098455;1.089169;
0;100000;10000000;476191;21;0.210000;1;0.000000;0.000176;4.029166;o;0.003744;0.073042;0.701959;1.032944;1.734904;1.112594;1.104665;
0;100000;10000000;454546;22;0.220000;1;0.000000;0.000135;4.005306;o;0.003212;0.073187;0.711738;1.023485;1.735225;1.100260;1.093248;
0;100000;10000000;454546;22;0.220000;1;0.000000;0.000279;4.045648;o;0.003540;0.073102;0.711729;1.037380;1.749110;1.116435;1.103141;
0;100000;10000000;434783;23;0.230000;1;0.000000;0.000118;4.021341;o;0.003223;0.072745;0.731492;1.022391;1.753883;1.098304;1.093027;
0;100000;10000000;434783;23;0.230000;1;0.000000;0.000275;4.049905;o;0.003665;0.073070;0.718216;1.034746;1.752964;1.114690;1.105200;
0;100000;10000000;416667;24;0.240000;1;0.000000;0.000262;4.011442;o;0.003588;0.072985;0.721057;1.022647;1.743705;1.099872;1.090988;
0;100000;10000000;416667;24;0.240000;1;0.000000;0.000262;4.052506;o;0.003559;0.073132;0.723039;1.033606;1.756646;1.114349;1.104517;
0;100000;10000000;400000;25;0.250000;1;0.000000;0.000242;4.022381;o;0.003453;0.072705;0.726911;1.022209;1.749121;1.103060;1.093758;
0;100000;10000000;400000;25;0.250000;1;0.000000;0.000232;4.057380;o;0.003330;0.073187;0.724996;1.036145;1.761142;1.113452;1.105996;
0;100000;10000000;384616;26;0.260000;1;0.000000;0.000200;3.988357;o;0.002977;0.072986;0.701407;1.022520;1.723928;1.098191;1.090036;
0;100000;10000000;384616;26;0.260000;1;0.000000;0.000238;4.034756;o;0.003395;0.072988;0.704394;1.032957;1.737353;1.110970;1.109771;
0;100000;10000000;370371;27;0.270000;1;0.000000;0.000200;3.975990;o;0.003069;0.073026;0.681045;1.028914;1.709960;1.100042;1.089652;
0;100000;10000000;370371;27;0.270000;1;0.000000;0.000322;4.031162;o;0.002894;0.073370;0.703886;1.032133;1.736020;1.114897;1.103618;
0;100000;10000000;357143;28;0.280000;1;0.000000;0.000164;3.939965;o;0.002652;0.073099;0.653100;1.022432;1.675533;1.098356;1.090120;
0;100000;10000000;357143;28;0.280000;1;0.000000;0.000153;3.982765;o;0.002441;0.073441;0.654255;1.032367;1.686622;1.115689;1.104379;
0;100000;10000000;344828;29;0.290000;1;0.000000;0.000306;3.971023;o;0.002961;0.073453;0.676481;1.026235;1.702717;1.099599;1.091947;
0;100000;10000000;344828;29;0.290000;1;0.000000;0.000149;3.972093;o;0.002591;0.073410;0.647219;1.034483;1.681704;1.109609;1.104588;
0;100000;10000000;333334;30;0.299999;1;0.000000;0.000294;3.935021;o;0.002847;0.073176;0.642403;1.022223;1.664628;1.104160;1.089875;
0;100000;10000000;333334;30;0.299999;1;0.000000;0.000147;3.962929;o;0.002613;0.073159;0.639137;1.032789;1.671927;1.110017;1.105024;
0;100000;10000000;322581;31;0.310000;1;0.000000;0.000142;3.923298;o;0.002634;0.072710;0.634628;1.023484;1.658114;1.099434;1.090224;
0;100000;10000000;322581;31;0.310000;1;0.000000;0.000282;3.973723;o;0.002814;0.073317;0.647284;1.034622;1.681907;1.110189;1.105174;
0;100000;10000000;312500;32;0.320000;1;0.000000;0.000275;3.921248;o;0.002784;0.073189;0.631729;1.023021;1.654751;1.098697;1.091512;
0;100000;10000000;312500;32;0.320000;1;0.000000;0.000260;3.951543;o;0.002576;0.073426;0.623640;1.034184;1.657825;1.110743;1.106671;
0;100000;10000000;303031;33;0.329999;1;0.000000;0.000109;3.888564;o;0.002301;0.072998;0.601335;1.023283;1.624620;1.098347;1.090149;
0;100000;10000000;303031;33;0.329999;1;0.000000;0.000247;3.936719;o;0.002524;0.073334;0.611615;1.035469;1.647084;1.108475;1.104980;
0;100000;10000000;294118;34;0.340000;1;0.000000;0.000106;3.878382;o;0.002296;0.072720;0.597061;1.021970;1.619032;1.096478;1.087710;
0;100000;10000000;294118;34;0.340000;1;0.000000;0.000223;3.914289;o;0.002170;0.073655;0.591429;1.031738;1.623169;1.107923;1.107109;
0;100000;10000000;285715;35;0.349999;1;0.000000;0.000213;3.880857;o;0.002161;0.073523;0.590282;1.025085;1.615368;1.096682;1.092870;
0;100000;10000000;285715;35;0.349999;1;0.000000;0.000236;3.930139;o;0.002468;0.073229;0.597737;1.038096;1.635834;1.109204;1.109128;
0;100000;10000000;277778;36;0.360000;1;0.000000;0.000231;3.885412;o;0.002425;0.073039;0.589062;1.025860;1.614923;1.102281;1.092473;
0;100000;10000000;277778;36;0.360000;1;0.000000;0.000220;3.907920;o;0.002259;0.073323;0.581293;1.034304;1.615598;1.108839;1.107640;
0;100000;10000000;270271;37;0.369999;1;0.000000;0.000198;3.852894;o;0.001972;0.073073;0.570322;1.022897;1.593220;1.097096;1.087293;
0;100000;10000000;270271;37;0.369999;1;0.000000;0.000190;3.880150;o;0.001807;0.073200;0.559091;1.030538;1.589630;1.111752;1.103530;
0;100000;10000000;263158;38;0.380000;1;0.000000;0.000181;3.851647;o;0.001791;0.073451;0.566247;1.024194;1.590442;1.096149;1.089587;
0;100000;10000000;263158;38;0.380000;1;0.000000;0.000224;3.898479;o;0.002445;0.072996;0.571320;1.033429;1.604750;1.108201;1.109823;
0;100000;10000000;256411;39;0.389999;1;0.000000;0.000202;3.851314;o;0.002179;0.073178;0.562739;1.025595;1.588335;1.097799;1.089582;
0;100000;10000000;256411;39;0.389999;1;0.000000;0.000209;3.888164;o;0.002259;0.073316;0.563736;1.032818;1.596556;1.109474;1.106309;
0;100000;10000000;250000;40;0.400000;1;0.000000;0.000202;3.854055;o;0.002264;0.073046;0.568971;1.024202;1.593174;1.097624;1.087704;
0;100000;10000000;250000;40;0.400000;1;0.000000;0.000200;3.867557;o;0.002240;0.073242;0.549587;1.030465;1.580053;1.105916;1.105866;
0;100000;10000000;243903;41;0.409999;1;0.000000;0.000165;3.825097;o;0.001761;0.073256;0.544209;1.022716;1.566926;1.096505;1.086443;
0;100000;10000000;243903;41;0.409999;1;0.000000;0.000182;3.867372;o;0.002074;0.073520;0.544012;1.034449;1.578461;1.106721;1.106372;
0;100000;10000000;238096;42;0.419999;1;0.000000;0.000183;3.826488;o;0.001643;0.073276;0.539811;1.025203;1.565015;1.095797;1.090535;
0;100000;10000000;238096;42;0.419999;1;0.000000;0.000191;3.864431;o;0.002030;0.073164;0.537701;1.034694;1.572397;1.108115;1.108493;
0;100000;10000000;232559;43;0.429998;1;0.000000;0.000158;3.814449;o;0.001697;0.073411;0.531877;1.025186;1.557065;1.096031;1.086048;
0;100000;10000000;232559;43;0.429998;1;0.000000;0.000162;3.860234;o;0.001849;0.073754;0.536905;1.030426;1.567332;1.107212;1.109885;
0;100000;10000000;227273;44;0.439999;1;0.000000;0.000175;3.824782;o;0.002077;0.073228;0.539009;1.024684;1.563695;1.098007;1.087560;
0;100000;10000000;227273;44;0.439999;1;0.000000;0.000291;3.864326;o;0.001934;0.073003;0.539993;1.032827;1.572821;1.109980;1.106247;
0;100000;10000000;10000000;1;0.010000;1;0.000000;0.000550;4.230205;o;0.064122;0.073363;0.702696;1.096120;1.798817;1.146064;1.147248;
0;100000;10000000;10000000;1;0.010000;1;0.000000;0.000550;4.279865;o;0.064424;0.072727;0.718412;1.105451;1.823864;1.157080;1.161176;
0;100000;10000000;5000000;2;0.020000;1;0.000000;0.000413;4.128643;o;0.032874;0.072784;0.705222;1.070287;1.775510;1.129801;1.117220;
0;100000;10000000;5000000;2;0.020000;1;0.000000;0.000393;4.387774;o;0.032478;0.073469;0.660405;1.151001;1.811408;1.291102;1.178879;
0;100000;10000000;3333334;3;0.030000;1;0.000000;0.000348;4.553217;o;0.022237;0.074620;1.055915;1.224544;2.280459;1.095020;1.080486;
0;100000;10000000;3333334;3;0.030000;1;0.000000;0.000239;4.104181;o;0.022120;0.072798;0.678624;1.067608;1.746233;1.134924;1.127825;
0;100000;10000000;2500000;4;0.040000;1;0.000000;0.000281;4.077515;o;0.016028;0.073651;0.718045;1.047906;1.765952;1.114019;1.107544;
0;100000;10000000;2500000;4;0.040000;1;0.000000;0.000324;4.157333;o;0.017024;0.072982;0.756905;1.058023;1.814929;1.128568;1.123466;
0;100000;10000000;2000000;5;0.050000;1;0.000000;0.000331;4.070917;o;0.013630;0.072502;0.723221;1.042795;1.766017;1.112984;1.105412;
0;100000;10000000;2000000;5;0.050000;1;0.000000;0.000153;4.099867;o;0.013328;0.073140;0.709854;1.055386;1.765241;1.125538;1.122426;
0;100000;10000000;1666667;6;0.060000;1;0.000000;0.000368;4.050670;o;0.011531;0.073671;0.712116;1.042107;1.754224;1.109095;1.101741;
0;100000;10000000;1666667;6;0.060000;1;0.000000;0.000254;4.094380;o;0.011537;0.073052;0.714769;1.051757;1.766527;1.123651;1.119318;
0;100000;10000000;1428572;7;0.070000;1;0.000000;0.000251;4.051775;o;0.009902;0.073154;0.715397;1.039400;1.754798;1.111155;1.102477;
0;100000;10000000;1428572;7;0.070000;1;0.000000;0.000214;4.077278;o;0.009432;0.073845;0.705400;1.048398;1.753799;1.121464;1.118485;
0;100000;10000000;1250000;8;0.080000;1;0.000000;0.000352;4.010946;o;0.008847;0.073292;0.675256;1.037295;1.712552;1.108827;1.107035;
0;100000;10000000;1250000;8;0.080000;1;0.000000;0.000194;4.131544;o;0.008678;0.073029;0.700466;1.065494;1.765961;1.146261;1.137380;
0;100000;10000000;1111112;9;0.090000;1;0.000000;0.000161;4.305144;o;0.007338;0.073375;0.926657;1.121700;2.048357;1.057054;1.118818;
0;100000;10000000;1111112;9;0.090000;1;0.000000;0.000162;4.280935;o;0.007337;0.073334;0.867954;1.109657;1.977612;1.090347;1.132099;
0;100000;10000000;1000000;10;0.100000;1;0.000000;0.000335;4.248172;o;0.007120;0.073685;0.873873;1.058618;1.932492;1.114256;1.120242;
0;100000;10000000;1000000;10;0.100000;1;0.000000;0.000219;4.292094;o;0.007199;0.073159;0.881337;1.125485;2.006823;1.074236;1.130414;
0;100000;10000000;909091;11;0.110000;1;0.000000;0.000238;4.250219;o;0.006444;0.073204;0.884211;1.105664;1.989876;1.067210;1.113206;
0;100000;10000000;909091;11;0.110000;1;0.000000;0.000217;4.293438;o;0.006190;0.073783;0.879150;1.116093;1.995245;1.078009;1.139937;
0;100000;10000000;833334;12;0.120000;1;0.000000;0.000273;4.239720;o;0.005697;0.073910;0.870164;1.049893;1.920058;1.125593;1.114148;
0;100000;10000000;833334;12;0.120000;1;0.000000;0.000266;4.264183;o;0.005666;0.073340;0.870160;1.080876;1.951038;1.107819;1.126015;
0;100000;10000000;769231;13;0.130000;1;0.000000;0.000207;4.220896;o;0.005394;0.073224;0.863862;1.044069;1.907932;1.120839;1.113257;
0;100000;10000000;769231;13;0.130000;1;0.000000;0.000191;4.262161;o;0.005035;0.073821;0.863103;1.054116;1.917219;1.138261;1.127592;
0;100000;10000000;714286;14;0.140000;1;0.000000;0.000146;4.229504;o;0.004806;0.073427;0.864122;1.048516;1.912639;1.122729;1.115717;
0;100000;10000000;714286;14;0.140000;1;0.000000;0.000150;4.257048;o;0.005059;0.073625;0.861786;1.056535;1.918322;1.132274;1.127576;
0;100000;10000000;666667;15;0.150000;1;0.000000;0.000215;4.225847;o;0.004506;0.073861;0.863262;1.042469;1.905732;1.121520;1.119969;
0;100000;10000000;666667;15;0.150000;1;0.000000;0.000254;4.268981;o;0.004885;0.073413;0.874133;1.082708;1.956842;1.106168;1.127376;
0;100000;10000000;625000;16;0.160000;1;0.000000;0.000187;4.215324;o;0.004291;0.073189;0.857357;1.042975;1.900334;1.121236;1.116046;
0;100000;10000000;625000;16;0.160000;1;0.000000;0.000204;4.263693;o;0.004582;0.073432;0.864297;1.074495;1.938794;1.119929;1.126710;
0;100000;10000000;588236;17;0.170000;1;0.000000;0.000309;4.281264;o;0.004631;0.073365;0.922703;1.115881;2.038585;1.050350;1.113983;
0;100000;10000000;588236;17;0.170000;1;0.000000;0.000144;4.259963;o;0.004121;0.073244;0.862106;1.054055;1.916163;1.136824;1.129427;
0;100000;10000000;555556;18;0.180000;1;0.000000;0.000287;4.229626;o;0.004421;0.073113;0.871813;1.045966;1.917779;1.122543;1.111440;
0;100000;10000000;555556;18;0.180000;1;0.000000;0.000259;4.262719;o;0.004150;0.073715;0.868393;1.053150;1.921545;1.135197;1.127812;
0;100000;10000000;526316;19;0.190000;1;0.000000;0.000257;4.250726;o;0.004429;0.073025;0.887718;1.097129;1.984848;1.070765;1.117359;
0;100000;10000000;526316;19;0.190000;1;0.000000;0.000255;4.278070;o;0.004291;0.073229;0.877160;1.116457;1.993619;1.078060;1.128575;
0;100000;10000000;500000;20;0.200000;1;0.000000;0.000332;4.222504;o;0.003778;0.073248;0.864683;1.044304;1.908988;1.121928;1.114189;
0;100000;10000000;500000;20;0.200000;1;0.000000;0.000337;4.264288;o;0.003822;0.073131;0.872266;1.079186;1.951454;1.108111;1.127390;
0;100000;10000000;476191;21;0.210000;1;0.000000;0.000312;4.221278;o;0.003683;0.073615;0.863028;1.043322;1.906351;1.122269;1.115008;
0;100000;10000000;476191;21;0.210000;1;0.000000;0.000303;4.279472;o;0.003462;0.073388;0.885779;1.120277;2.006058;1.067849;1.128371;
0;100000;10000000;454546;22;0.220000;1;0.000000;0.000144;4.213181;o;0.003202;0.073397;0.858821;1.041971;1.900793;1.119150;1.116455;
0;100000;10000000;454546;22;0.220000;1;0.000000;0.000146;4.232675;o;0.003405;0.073368;0.864885;1.056636;1.921521;1.122159;1.112034;
0;100000;10000000;434783;23;0.230000;1;0.000000;0.000266;4.203218;o;0.003544;0.073500;0.899881;1.089727;1.989610;1.045943;1.090314;
0;100000;10000000;434783;23;0.230000;1;0.000000;0.000267;3.981907;o;0.003378;0.073580;0.652031;1.032012;1.684045;1.109128;1.111469;
0;100000;10000000;416667;24;0.240000;1;0.000000;0.000240;3.970490;o;0.003326;0.073254;0.672007;1.027267;1.699275;1.102303;1.092050;
0;100000;10000000;416667;24;0.240000;1;0.000000;0.000248;3.981044;o;0.003321;0.073155;0.649911;1.032404;1.682317;1.111835;1.110129;
0;100000;10000000;400000;25;0.250000;1;0.000000;0.000197;3.935825;o;0.002572;0.072916;0.635386;1.027289;1.662675;1.099855;1.097569;
0;100000;10000000;400000;25;0.250000;1;0.000000;0.000215;3.976375;o;0.002692;0.073551;0.647144;1.034187;1.681332;1.109353;1.109173;
0;100000;10000000;384616;26;0.260000;1;0.000000;0.000209;3.928255;o;0.003087;0.072884;0.632070;1.025798;1.657869;1.100159;1.094006;
0;100000;10000000;384616;26;0.260000;1;0.000000;0.000204;4.012549;o;0.003139;0.072834;0.675175;1.035506;1.710683;1.114615;1.111033;
0;100000;10000000;370371;27;0.270000;1;0.000000;0.000162;3.919575;o;0.002578;0.073552;0.620596;1.027271;1.647868;1.101347;1.094027;
0;100000;10000000;370371;27;0.270000;1;0.000000;0.000169;3.948819;o;0.002612;0.073597;0.625089;1.033344;1.658434;1.109054;1.104912;
0;100000;10000000;357143;28;0.280000;1;0.000000;0.000314;3.912125;o;0.003016;0.073502;0.614163;1.025073;1.639237;1.102547;1.093467;
0;100000;10000000;357143;28;0.280000;1;0.000000;0.000303;3.960334;o;0.002777;0.073178;0.629261;1.034002;1.663265;1.111281;1.109489;
0;100000;10000000;344828;29;0.290000;1;0.000000;0.000163;3.903839;o;0.002821;0.073038;0.605733;1.026355;1.632089;1.102493;1.093194;
0;100000;10000000;344828;29;0.290000;1;0.000000;0.000165;3.959940;o;0.002695;0.073215;0.627703;1.031890;1.659595;1.115201;1.109029;
0;100000;10000000;333334;30;0.299999;1;0.000000;0.000290;3.909360;o;0.002733;0.073798;0.605909;1.029053;1.634963;1.098432;1.099093;
0;100000;10000000;333334;30;0.299999;1;0.000000;0.000161;3.955014;o;0.002768;0.073219;0.620096;1.034962;1.655060;1.116109;1.107659;
0;100000;10000000;322581;31;0.310000;1;0.000000;0.000147;3.883007;o;0.002766;0.072633;0.588435;1.025513;1.613949;1.102802;1.090670;
0;100000;10000000;322581;31;0.310000;1;0.000000;0.000281;3.941274;o;0.002747;0.073503;0.613506;1.034421;1.647928;1.113155;1.103618;
0;100000;10000000;312500;32;0.320000;1;0.000000;0.000260;3.887902;o;0.002629;0.073487;0.595980;1.024997;1.620978;1.099536;1.090972;
0;100000;10000000;312500;32;0.320000;1;0.000000;0.000245;3.948011;o;0.002333;0.073755;0.623449;1.030506;1.653957;1.112977;1.104705;
0;100000;10000000;303031;33;0.329999;1;0.000000;0.000273;3.896323;o;0.002819;0.072948;0.605675;1.022892;1.628568;1.101366;1.090308;
0;100000;10000000;303031;33;0.329999;1;0.000000;0.000239;3.939586;o;0.002321;0.073424;0.608728;1.030962;1.639691;1.116207;1.107663;
0;100000;10000000;294118;34;0.340000;1;0.000000;0.000230;3.880619;o;0.002231;0.073650;0.583516;1.024658;1.608175;1.104009;1.092282;
0;100000;10000000;294118;34;0.340000;1;0.000000;0.000260;3.949815;o;0.002724;0.072997;0.622981;1.029547;1.652529;1.114879;1.106386;
0;100000;10000000;285715;35;0.349999;1;0.000000;0.000241;3.874981;o;0.002511;0.073316;0.586519;1.021674;1.608195;1.102035;1.088642;
0;100000;10000000;285715;35;0.349999;1;0.000000;0.000206;3.937555;o;0.002019;0.072568;0.612907;1.032014;1.644922;1.115655;1.101752;
0;100000;10000000;277778;36;0.360000;1;0.000000;0.000196;3.888037;o;0.001904;0.073134;0.595937;1.025459;1.621397;1.101975;1.089389;
0;100000;10000000;277778;36;0.360000;1;0.000000;0.000196;3.940936;o;0.001829;0.073040;0.609610;1.030697;1.640309;1.116691;1.108831;
0;100000;10000000;270271;37;0.369999;1;0.000000;0.000215;3.890406;o;0.002205;0.073401;0.594587;1.023374;1.617963;1.103641;1.092941;
0;100000;10000000;270271;37;0.369999;1;0.000000;0.000246;3.953538;o;0.002658;0.072793;0.624084;1.032536;1.656622;1.114469;1.106710;
0;100000;10000000;263158;38;0.380000;1;0.000000;0.000184;3.877838;o;0.001916;0.073443;0.585321;1.021795;1.607117;1.103269;1.091868;
0;100000;10000000;263158;38;0.380000;1;0.000000;0.000239;3.949288;o;0.002621;0.072677;0.620983;1.035484;1.656469;1.115563;1.101678;
0;100000;10000000;256411;39;0.389999;1;0.000000;0.000206;3.882817;o;0.002227;0.073213;0.592897;1.024230;1.617128;1.101247;1.088756;
0;100000;10000000;256411;39;0.389999;1;0.000000;0.000183;3.929879;o;0.001853;0.073418;0.605417;1.035724;1.641142;1.114738;1.098505;
0;100000;10000000;250000;40;0.400000;1;0.000000;0.000178;3.885710;o;0.001967;0.073216;0.595259;1.023313;1.618573;1.103671;1.088064;
0;100000;10000000;250000;40;0.400000;1;0.000000;0.000183;3.936293;o;0.001963;0.073134;0.603663;1.032851;1.636514;1.120428;1.104028;
0;100000;10000000;243903;41;0.409999;1;0.000000;0.000182;3.893285;o;0.002051;0.073273;0.595199;1.022166;1.617367;1.107957;1.092413;
0;100000;10000000;238096;42;0.419999;1;0.000000;0.000195;3.889645;o;0.002335;0.072689;0.599795;1.020662;1.620459;1.102108;1.091813;
0;100000;10000000;243903;41;0.409999;1;0.000000;0.000203;3.937509;o;0.002270;0.072895;0.609874;1.032152;1.642027;1.115024;1.105052;
0;100000;10000000;232559;43;0.429998;1;0.000000;0.000202;3.888264;o;0.002357;0.072767;0.596994;1.020682;1.617677;1.104309;1.090911;
0;100000;10000000;238096;42;0.419999;1;0.000000;0.000319;3.932533;o;0.002073;0.072970;0.604807;1.033486;1.638295;1.115220;1.103618;
0;100000;10000000;227273;44;0.439999;1;0.000000;0.000170;3.871960;o;0.002071;0.072809;0.580899;1.021525;1.602425;1.103827;1.090618;
0;100000;10000000;232559;43;0.429998;1;0.000000;0.000190;3.923175;o;0.002181;0.073012;0.593420;1.035140;1.628561;1.115142;1.104050;
0;100000;10000000;227273;44;0.439999;1;0.000000;0.000191;3.926657;o;0.002370;0.072715;0.591531;1.030508;1.622040;1.120872;1.108425;
0;100000;10000000;10000000;1;0.010000;1;0.000000;0.000605;4.283655;o;0.064492;0.073304;0.760160;1.093467;1.853628;1.150568;1.141017;
0;100000;10000000;10000000;1;0.010000;1;0.000000;0.000565;4.332446;o;0.064241;0.073781;0.777851;1.161306;1.939158;1.102273;1.152387;
0;100000;10000000;5000000;2;0.020000;1;0.000000;0.000333;4.161269;o;0.032158;0.072145;0.740951;1.061324;1.802275;1.133133;1.121183;
0;100000;10000000;3333334;3;0.030000;1;0.000000;0.000359;4.143606;o;0.021651;0.073605;0.763457;1.049634;1.813092;1.123851;1.111007;
0;100000;10000000;5000000;2;0.020000;1;0.000000;0.000309;4.223825;o;0.032094;0.072815;0.771284;1.073056;1.844341;1.143319;1.130907;
0;100000;10000000;2500000;4;0.040000;1;0.000000;0.000305;4.128392;o;0.016516;0.073004;0.763779;1.043838;1.807618;1.123507;1.107403;
0;100000;10000000;3333334;3;0.030000;1;0.000000;0.000359;4.188330;o;0.021641;0.073774;0.764042;1.063245;1.827288;1.139966;1.125261;
0;100000;10000000;2000000;5;0.050000;1;0.000000;0.000284;4.112681;o;0.012974;0.072822;0.764420;1.036235;1.800656;1.122960;1.102554;
0;100000;10000000;2500000;4;0.040000;1;0.000000;0.000294;4.159532;o;0.016927;0.073640;0.759867;1.055397;1.815266;1.136865;1.116500;
0;100000;10000000;1666667;6;0.060000;1;0.000000;0.000224;4.085670;o;0.011137;0.072863;0.753814;1.035308;1.789123;1.113038;1.099247;
0;100000;10000000;2000000;5;0.050000;1;0.000000;0.000156;4.126238;o;0.013127;0.072840;0.750676;1.051430;1.802107;1.125692;1.112275;
0;100000;10000000;1428572;7;0.070000;1;0.000000;0.000250;4.078192;o;0.009901;0.072719;0.755212;1.029140;1.784354;1.110837;1.100091;
0;100000;10000000;1666667;6;0.060000;1;0.000000;0.000232;4.104040;o;0.011237;0.073059;0.735273;1.044438;1.779713;1.125355;1.114404;
0;100000;10000000;1250000;8;0.080000;1;0.000000;0.000171;4.071303;o;0.008292;0.072870;0.742733;1.032447;1.775181;1.114570;1.100177;
0;100000;10000000;1428572;7;0.070000;1;0.000000;0.000225;4.102663;o;0.009534;0.072965;0.731078;1.047639;1.778718;1.127404;1.113776;
0;100000;10000000;1111112;9;0.090000;1;0.000000;0.000292;4.052596;o;0.007564;0.073633;0.738572;1.026900;1.765473;1.107763;1.097830;
0;100000;10000000;1250000;8;0.080000;1;0.000000;0.000196;4.085505;o;0.008853;0.072676;0.726907;1.042365;1.769273;1.122681;1.111783;
0;100000;10000000;1000000;10;0.100000;1;0.000000;0.000186;4.049545;o;0.006980;0.072581;0.736445;1.030161;1.766607;1.107158;1.095994;
0;100000;10000000;1111112;9;0.090000;1;0.000000;0.000318;4.084208;o;0.007887;0.073464;0.724679;1.045704;1.770384;1.122710;1.109403;
0;100000;10000000;909091;11;0.110000;1;0.000000;0.000212;4.038932;o;0.006162;0.073236;0.732838;1.024748;1.757587;1.106511;1.095183;
0;100000;10000000;1000000;10;0.100000;1;0.000000;0.000163;4.055628;o;0.006556;0.073516;0.712952;1.040229;1.753181;1.117188;1.104978;
0;100000;10000000;833334;12;0.120000;1;0.000000;0.000145;4.028209;o;0.005712;0.072828;0.729469;1.023448;1.752918;1.102438;1.094128;
0;100000;10000000;909091;11;0.110000;1;0.000000;0.000251;4.058147;o;0.006833;0.072898;0.715182;1.038907;1.754090;1.117620;1.106414;
0;100000;10000000;769231;13;0.130000;1;0.000000;0.000347;4.082061;o;0.005589;0.073611;0.787590;1.019917;1.807508;1.102091;1.092875;
0;100000;10000000;833334;12;0.120000;1;0.000000;0.000289;4.050344;o;0.005996;0.073503;0.713376;1.034963;1.748340;1.116772;1.105403;
0;100000;10000000;714286;14;0.140000;1;0.000000;0.000137;4.033294;o;0.004819;0.073201;0.737642;1.021981;1.759625;1.101121;1.094351;
0;100000;10000000;769231;13;0.130000;1;0.000000;0.000227;4.046245;o;0.005740;0.072753;0.712573;1.035314;1.747888;1.114801;1.104795;
0;100000;10000000;666667;15;0.150000;1;0.000000;0.000251;4.029940;o;0.004961;0.073215;0.733420;1.019785;1.753206;1.103000;1.095267;
0;100000;10000000;714286;14;0.140000;1;0.000000;0.000276;4.051957;o;0.004976;0.073577;0.712599;1.034787;1.747388;1.117336;1.108329;
0;100000;10000000;625000;16;0.160000;1;0.000000;0.000202;4.037778;o;0.004767;0.072721;0.734475;1.025498;1.759974;1.106060;1.094012;
0;100000;10000000;666667;15;0.150000;1;0.000000;0.000203;4.037031;o;0.004365;0.072981;0.700840;1.039724;1.740566;1.116243;1.102632;
0;100000;10000000;588236;17;0.170000;1;0.000000;0.000303;4.030286;o;0.004623;0.073088;0.731898;1.021555;1.753454;1.104256;1.094520;
0;100000;10000000;625000;16;0.160000;1;0.000000;0.000213;4.074673;o;0.004804;0.072968;0.737473;1.036229;1.773703;1.116673;1.106237;
0;100000;10000000;555556;18;0.180000;1;0.000000;0.000105;4.008992;o;0.003890;0.073001;0.717237;1.021307;1.738545;1.101653;1.091760;
0;100000;10000000;588236;17;0.170000;1;0.000000;0.000281;4.039501;o;0.004328;0.073162;0.711773;1.034720;1.746494;1.114378;1.100817;
0;100000;10000000;526316;19;0.190000;1;0.000000;0.000219;4.015575;o;0.003849;0.073404;0.713737;1.023757;1.737495;1.102888;1.097679;
0;100000;10000000;555556;18;0.180000;1;0.000000;0.000110;4.030140;o;0.004011;0.072939;0.698327;1.035636;1.733964;1.113720;1.105355;
0;100000;10000000;500000;20;0.200000;1;0.000000;0.000194;4.007070;o;0.003720;0.073020;0.709568;1.024129;1.733698;1.102259;1.094141;
0;100000;10000000;526316;19;0.190000;1;0.000000;0.000235;4.032781;o;0.004220;0.073032;0.701841;1.036928;1.738770;1.114173;1.102310;
0;100000;10000000;476191;21;0.210000;1;0.000000;0.000319;4.024713;o;0.003794;0.073520;0.721148;1.022092;1.743241;1.106991;1.096803;
0;100000;10000000;500000;20;0.200000;1;0.000000;0.000216;4.034878;o;0.004034;0.072725;0.700697;1.036575;1.737273;1.117202;1.103387;
0;100000;10000000;454546;22;0.220000;1;0.000000;0.000275;3.997086;o;0.003397;0.073474;0.704488;1.020551;1.725040;1.101696;1.093164;
0;100000;10000000;476191;21;0.210000;1;0.000000;0.000311;4.029902;o;0.003739;0.073402;0.697831;1.036465;1.734297;1.114081;1.104031;
0;100000;10000000;434783;23;0.230000;1;0.000000;0.000252;4.012180;o;0.003189;0.073689;0.710509;1.027276;1.737786;1.103097;1.094128;
0;100000;10000000;454546;22;0.220000;1;0.000000;0.000287;4.020748;o;0.003708;0.074145;0.691783;1.036425;1.728209;1.113976;1.100383;
0;100000;10000000;416667;24;0.240000;1;0.000000;0.000242;4.033335;o;0.003341;0.073330;0.715720;1.019857;1.735579;1.112373;1.108432;
0;100000;10000000;434783;23;0.230000;1;0.000000;0.000256;4.078802;o;0.003477;0.073402;0.718252;1.041016;1.759269;1.126300;1.116057;
0;100000;10000000;400000;25;0.250000;1;0.000000;0.000240;4.016691;o;0.003434;0.072267;0.703171;1.030358;1.733530;1.109157;1.098022;
0;100000;10000000;416667;24;0.240000;1;0.000000;0.000271;4.047477;o;0.003655;0.072381;0.699856;1.048027;1.747884;1.115059;1.108185;
0;100000;10000000;384616;26;0.260000;1;0.000000;0.000193;3.982470;o;0.002852;0.072624;0.674527;1.027463;1.701991;1.103995;1.100775;
0;100000;10000000;400000;25;0.250000;1;0.000000;0.000208;4.014653;o;0.003125;0.073053;0.670664;1.040401;1.711067;1.115369;1.111792;
0;100000;10000000;370371;27;0.270000;1;0.000000;0.000218;3.989538;o;0.003225;0.071805;0.664967;1.033651;1.698619;1.109893;1.105737;
0;100000;10000000;384616;26;0.260000;1;0.000000;0.000213;4.008564;o;0.003538;0.072541;0.650639;1.046317;1.696957;1.121300;1.113976;
0;100000;10000000;357143;28;0.280000;1;0.000000;0.000171;3.961141;o;0.002779;0.072607;0.635486;1.031821;1.667308;1.111765;1.106471;
0;100000;10000000;370371;27;0.270000;1;0.000000;0.000185;3.983819;o;0.002749;0.072807;0.627267;1.048710;1.675978;1.120933;1.111126;
0;100000;10000000;344828;29;0.290000;1;0.000000;0.000295;3.948609;o;0.002845;0.073085;0.629149;1.029883;1.659034;1.108438;1.104872;
0;100000;10000000;357143;28;0.280000;1;0.000000;0.000302;3.996789;o;0.002990;0.073187;0.644726;1.045306;1.690032;1.119866;1.110370;
0;100000;10000000;333334;30;0.299999;1;0.000000;0.000272;3.931992;o;0.002589;0.073132;0.615817;1.028651;1.644468;1.110329;1.101161;
0;100000;10000000;344828;29;0.290000;1;0.000000;0.000172;3.954777;o;0.003007;0.072650;0.606386;1.043762;1.650149;1.119507;1.109251;
0;100000;10000000;322581;31;0.310000;1;0.000000;0.000140;3.895650;o;0.002448;0.072579;0.585606;1.029539;1.615146;1.104886;1.100410;
0;100000;10000000;333334;30;0.299999;1;0.000000;0.000286;3.956079;o;0.002919;0.073194;0.604093;1.046062;1.650156;1.120942;1.108543;
0;100000;10000000;312500;32;0.320000;1;0.000000;0.000126;3.887993;o;0.002408;0.072566;0.577465;1.025741;1.603208;1.107183;1.102456;
0;100000;10000000;322581;31;0.310000;1;0.000000;0.000141;3.927219;o;0.002427;0.072118;0.578016;1.044419;1.622436;1.121344;1.108713;
0;100000;10000000;303031;33;0.329999;1;0.000000;0.000237;3.893029;o;0.002430;0.072686;0.575531;1.029132;1.604664;1.107185;1.105787;
0;100000;10000000;312500;32;0.320000;1;0.000000;0.000255;3.934861;o;0.002627;0.072709;0.584078;1.045349;1.629428;1.119028;1.110773;
0;100000;10000000;294118;34;0.340000;1;0.000000;0.000096;3.886787;o;0.002293;0.072128;0.567165;1.030838;1.598005;1.108683;1.105543;
0;100000;10000000;303031;33;0.329999;1;0.000000;0.000225;3.859933;o;0.002333;0.073134;0.572701;1.048733;1.621435;1.107126;1.055638;
0;100000;10000000;285715;35;0.349999;1;0.000000;0.000091;3.863316;o;0.002231;0.072160;0.556617;1.028487;1.585104;1.106134;1.097557;
0;100000;10000000;294118;34;0.340000;1;0.000000;0.000252;3.914828;o;0.002476;0.072532;0.575060;1.045875;1.620936;1.112423;1.106169;
0;100000;10000000;277778;36;0.360000;1;0.000000;0.000206;3.874293;o;0.002075;0.072717;0.559800;1.027466;1.587267;1.105867;1.106120;
0;100000;10000000;285715;35;0.349999;1;0.000000;0.000210;3.905393;o;0.002168;0.072688;0.558381;1.044169;1.602551;1.115925;1.111810;
0;100000;10000000;270271;37;0.369999;1;0.000000;0.000078;3.843945;o;0.002106;0.072520;0.546671;1.024980;1.571653;1.099131;1.098418;
0;100000;10000000;277778;36;0.360000;1;0.000000;0.000207;3.884040;o;0.002212;0.072484;0.550847;1.041090;1.591938;1.111475;1.105685;
0;100000;10000000;263158;38;0.380000;1;0.000000;0.000241;3.856811;o;0.002555;0.071638;0.553451;1.027965;1.581417;1.101242;1.099678;
0;100000;10000000;270271;37;0.369999;1;0.000000;0.000218;3.901467;o;0.002322;0.072130;0.556515;1.041547;1.598064;1.113108;1.115585;
0;100000;10000000;256411;39;0.389999;1;0.000000;0.000214;4.068592;o;0.002284;0.073197;0.565754;1.027250;1.593005;1.165628;1.234223;
0;100000;10000000;263158;38;0.380000;1;0.000000;0.000197;4.133008;o;0.002034;0.072229;0.546013;1.088702;1.634716;1.252067;1.171725;
0;100000;10000000;250000;40;0.400000;1;0.000000;0.000192;3.943639;o;0.001782;0.074223;0.641035;1.025151;1.666187;1.100859;1.100354;
0;100000;10000000;256411;39;0.389999;1;0.000000;0.000237;3.892745;o;0.002848;0.072553;0.547750;1.043841;1.591593;1.115930;1.109545;
0;100000;10000000;243903;41;0.409999;1;0.000000;0.000180;3.870249;o;0.001900;0.073494;0.556172;1.027955;1.584128;1.106788;1.103720;
0;100000;10000000;250000;40;0.400000;1;0.000000;0.000171;3.904758;o;0.001696;0.073879;0.550591;1.046118;1.596710;1.117083;1.115175;
0;100000;10000000;238096;42;0.419999;1;0.000000;0.000183;3.874531;o;0.002080;0.074153;0.563014;1.030836;1.593851;1.103268;1.100953;
0;100000;10000000;243903;41;0.409999;1;0.000000;0.000194;3.904447;o;0.002180;0.073297;0.562007;1.042840;1.604848;1.114314;1.109569;
0;100000;10000000;232559;43;0.429998;1;0.000000;0.000307;3.871202;o;0.001991;0.073350;0.567490;1.027216;1.594707;1.103223;1.097584;
0;100000;10000000;238096;42;0.419999;1;0.000000;0.000329;3.904723;o;0.002166;0.071142;0.565174;1.043863;1.609039;1.112669;1.109338;
0;100000;10000000;227273;44;0.439999;1;0.000000;0.000184;3.863173;o;0.002039;0.073026;0.554146;1.028329;1.582476;1.101883;1.103525;
0;100000;10000000;232559;43;0.429998;1;0.000000;0.000161;3.870203;o;0.001826;0.073475;0.560492;1.042096;1.602590;1.112829;1.079281;
0;100000;10000000;227273;44;0.439999;1;0.000000;0.000159;3.786852;o;0.001613;0.070447;0.488845;1.012446;1.501292;1.104125;1.109177;
